Tempo levado:
	4110.125154256821 segundos

Parâmetros:
	r: 0.99
	I: 2500
	pf: 0.01
	pi: 0.95
	seed: 0.6972579294740451

Valor da solução inicial encontrada:
	122622.27800000021

Valor da solução final encontrada:
	213020.38400000025

Solução encontrada:
	[[45, 30, 130, 120, 74, 228, 115, 206, 222, 21, 209, 208, 106, 124, 160, 48], [110, 149, 73, 152, 183, 187, 76, 194, 85, 56, 116, 198, 236, 99, 178, 65, 89, 169, 11, 36, 129, 75, 117, 9, 136, 224, 163, 170, 145, 123, 118, 92, 174, 12, 190, 34, 26, 98, 141, 22, 60, 182, 101, 134, 119, 232, 210, 207, 90, 239, 197, 161, 32, 137, 128, 147, 19, 211, 214, 181, 159, 167, 143, 96, 111, 24, 175, 5, 15, 154, 112], [189, 166, 57, 186, 69, 225, 133, 84, 144], [100, 17, 107, 49, 27, 102, 193, 20, 2, 7, 83, 184, 87, 66, 18, 8, 235, 131, 213, 59, 103, 10], [226, 6, 126, 122, 47, 199, 42, 62, 125], [219, 64, 97, 164, 203, 223, 195, 146], [58, 212, 38, 205, 72, 55, 16, 221, 114, 168, 234, 201, 200, 176, 153, 108, 41, 91], [88, 80, 78, 94, 51, 28, 165, 113, 23, 44, 79, 230, 220, 1, 31, 70], [132, 138, 185, 233, 61, 172, 140, 173, 86, 29, 104, 25, 157, 156, 162, 142, 53, 82, 43, 105, 204, 218, 127, 196, 14, 35], [81, 231, 46, 148, 33, 155, 68, 71, 0, 171, 77, 135, 192, 63], [109, 179, 39, 67, 13, 54, 158, 215, 177, 180, 202, 150, 3, 93, 151, 238, 121, 188, 95, 4, 40, 227, 50], [191, 237, 217, 229, 37, 139, 216, 52]]