Tempo levado:
	10879.436222076416 segundos

Parâmetros:
	r: 0.99
	I: 2500
	pf: 0.01
	pi: 0.95
	seed: 0.3852361475080668

Valor da solução inicial encontrada:
	293184.3680000001

Valor da solução final encontrada:
	451659.8679999991

Solução encontrada:
	[[143, 371, 362, 251, 423, 317, 334, 467, 136, 90, 253, 318, 55, 210, 283, 359, 51, 428, 27, 369, 437, 187, 139, 272], [220, 7, 367, 83, 126, 125, 206, 424, 116, 216, 209, 475], [410, 133, 37, 148, 173, 462, 307, 476, 77, 337, 430, 131, 300, 69, 441, 128, 44, 248, 432, 470, 413, 431, 332, 398, 390, 112, 163, 414, 94, 53, 366, 425, 261, 250, 299, 96, 207, 244, 151, 411, 386], [442, 108, 404, 375, 444, 93, 113, 121, 1, 407, 465, 419, 296, 214, 16, 450, 211, 223, 29, 124, 338, 392, 229, 346, 35, 356, 110, 353, 2, 406], [213, 309, 132, 74, 280, 474, 302, 42, 311, 215, 41, 376, 179, 256, 331, 358, 231, 336, 217, 409, 314, 106, 98, 394, 385, 384], [443, 164, 310, 208, 10, 408, 352, 245, 363, 478, 452], [154, 18, 60, 321, 225, 80, 63, 464, 264, 364, 236], [202, 190, 47, 204, 277, 327, 172, 8, 54, 95, 360, 447, 33, 303, 20, 89, 87, 275, 166, 319], [138, 84, 72, 320, 165, 32, 401, 247, 221, 101, 233, 393, 57, 48, 17, 400, 46, 146, 422, 340, 379, 242, 294], [235, 38, 3, 230, 147, 339, 5, 123, 6, 323, 61, 460], [145, 67, 479, 418, 287, 200, 389, 107, 269, 226, 291, 157, 150, 100, 459, 181, 14, 457, 274, 306, 372, 374], [391, 249, 284, 322, 127, 335, 295, 402, 24, 315, 472, 85, 117, 357, 325, 451, 205, 420, 354], [458, 252, 103, 102, 171, 380, 313, 477, 40, 461, 388, 104, 65, 91, 137, 448, 177, 333, 22, 192, 456, 73, 381, 370, 119, 170, 368], [438, 234, 454, 471, 399, 176, 365, 178, 203, 224, 421, 271, 19, 4, 158, 122, 68, 403, 281, 92, 0, 99, 270], [135, 185, 326, 344, 289, 405, 140, 285, 329, 290, 31, 257, 197, 196, 278, 262, 13], [298, 260, 227, 308, 169, 86, 141, 228, 88, 134, 349], [305, 324, 434, 238, 182, 258, 342, 160, 66, 383, 52, 351, 167, 159, 330, 387, 78], [149, 343, 279, 11, 130, 347, 246, 56, 161, 71, 241, 218], [45, 350, 120, 304, 232, 301, 62, 70, 198, 155, 267, 416, 446, 142, 30, 222, 355, 382, 361, 237, 152, 79, 377, 199, 254, 34, 174, 23, 463, 426, 412, 273, 373, 109, 466, 417, 266], [435, 21, 240, 183, 201, 312, 194, 341, 239, 9, 76, 64, 433, 219, 118, 115, 39, 263, 292, 168, 189, 58, 25, 175, 288, 195, 193, 316, 82, 114, 49, 188, 397, 129, 144, 440, 153, 59, 415, 328, 156, 469, 455, 348, 81, 191, 162, 186, 468, 26, 345, 297, 105, 286, 243, 436, 276, 184, 453, 445, 28, 449, 429, 36, 50, 12, 111, 439, 180, 395, 427, 255, 43, 97, 268, 212, 265, 473, 378, 15, 259, 396, 282, 293, 75]]