Tempo levado:
	8319.246194124222 segundos

Parâmetros:
	r: 0.99
	I: 2500
	pf: 0.01
	pi: 0.95
	seed: 0.637818304285135

Valor da solução inicial encontrada:
	287747.6179999999

Valor da solução final encontrada:
	437918.84199999965

Solução encontrada:
	[[208, 182, 387, 211, 442, 472, 148, 330, 198, 97, 375, 132], [118, 366, 294, 296, 332, 114, 78, 119, 192, 5, 33, 40, 133, 108, 173, 131, 102, 320, 369], [447, 291, 301, 341, 101, 241, 73, 401, 297, 191, 329, 159, 62, 226, 428, 470, 152, 288, 21, 463, 367, 232, 303, 6, 106, 218, 391, 3, 308, 195, 285, 298], [185, 144, 319, 91, 171, 98, 60, 105, 384, 20, 373, 92, 452, 419, 316, 84, 304, 12, 371, 253, 204], [16, 53, 242, 88, 394, 292, 279, 69, 361, 312, 252, 286, 370, 250, 434, 142, 154, 17], [388, 224, 268, 169, 383, 336, 271, 42, 233, 351, 360, 382, 422, 380, 197, 215, 415, 287, 402, 143, 70, 403], [318, 255, 199, 272, 103, 477, 426, 249, 464, 262, 51, 343, 245, 321, 124, 256, 385, 306, 213, 165, 239], [137, 282, 56, 278, 14, 363, 396, 168, 273, 30, 413, 323, 25, 156, 180, 309, 476, 18], [471, 311, 127, 145, 48, 441, 406, 433, 439, 357, 314, 27, 193, 28, 243, 354, 188], [345, 430, 47, 410, 290, 399, 203, 474, 457, 261, 295, 281, 228, 398, 257, 315, 386, 353, 456, 39], [454, 96, 220, 263, 129, 217, 393, 266, 300, 340, 190, 264, 277, 167, 458, 43, 227, 160, 170, 104, 397, 307, 335, 337], [334, 283, 155, 140, 179, 381, 130, 322, 438, 178, 183, 352, 61, 146, 210, 429, 71, 207, 423, 414, 368, 365, 244, 41, 379, 219, 147, 59, 221, 269, 126, 196, 35, 122, 116, 201, 212, 181, 54, 240, 237, 37, 1, 157, 23, 305, 68, 57, 467, 344, 9, 50, 24, 445, 29, 338, 427, 265, 358, 347, 280, 364, 436, 293, 22, 446, 468, 333, 186, 405, 89, 8, 95, 82, 431, 475, 0, 395, 187, 55, 275, 390], [38, 462, 313, 362, 247, 346, 432, 121, 136, 189, 111, 80], [86, 107, 10, 444, 166, 349, 46, 274, 437, 234, 49], [389, 418, 77, 194, 172, 378, 461, 443, 331, 200, 63, 58, 135, 327, 128, 175, 460, 32, 11, 451, 7], [449, 302, 409, 417, 2, 138, 459, 377, 469, 15, 120, 392, 66, 236, 177, 420, 74, 284, 206, 466, 372, 425, 230, 52, 150, 448, 31, 109, 289, 72, 163, 455, 134, 87, 161, 79, 317, 267, 251, 149, 355, 162], [34, 75, 248, 326, 235, 254, 450, 411, 270, 342, 202], [123, 216, 453, 412, 478, 359, 374, 229, 259, 225, 356, 440, 164, 45, 176, 479, 174, 13, 100], [36, 324, 85, 258, 231, 94, 99, 125, 465, 328, 26, 260, 223, 90, 158, 209, 238, 115, 435, 184, 299, 83, 44, 112, 310], [151, 400, 4, 421, 276, 93, 110, 113, 117, 350, 19, 348, 376, 205, 67, 76, 214, 81, 325, 141, 473, 222, 246, 339, 408, 424, 139, 416, 64, 65, 407, 404, 153]]