Tempo levado:
	3576.208272457123 segundos

Parâmetros:
	r: 0.99
	I: 2500
	pf: 0.01
	pi: 0.95
	seed: 0.059621963709868164

Valor da solução inicial encontrada:
	123240.66600000029

Valor da solução final encontrada:
	195652.78600000005

Solução encontrada:
	[[2, 20, 136, 210, 131, 198, 55, 174, 37, 205, 13, 219, 183, 49, 232, 3, 113, 74], [191, 135, 158, 155, 226, 35, 100, 53, 212, 125, 117, 101, 102, 207, 233, 126, 204, 24, 214, 118, 142, 159, 88, 91, 1, 9, 141, 236, 193, 81, 178, 8, 173, 147, 83, 165, 106, 109, 138, 123, 152, 238, 181, 27, 16, 32, 121, 167, 18, 38, 36, 95, 162, 44, 108, 189, 157, 199, 25, 31, 78], [180, 75, 231, 116, 79, 87, 48, 124, 192, 220, 28, 72, 169, 67, 96, 10, 115, 99, 224, 93, 14, 209, 163, 227, 39, 103, 164, 46, 223, 132], [112, 197, 211, 188, 107, 22, 234, 33, 60, 92, 175, 130, 26, 160, 203, 151, 73, 239, 128, 105, 57, 97, 187], [195, 47, 59, 0, 127, 111, 104, 30], [145, 5, 77, 7, 206, 148, 19, 172, 222, 156, 194, 166, 51, 179, 65, 186, 63, 200, 29], [139, 80, 41, 90, 221, 64, 84, 86, 43, 52, 21, 129, 68, 133, 58, 146, 62, 177, 228], [201, 230, 140, 61, 217, 23, 213, 225], [66, 237, 70, 40, 54, 120, 85, 202, 12, 56, 216], [89, 184, 176, 11, 94, 134, 137, 50, 170, 71, 153, 150, 171, 119, 196, 122, 235, 218], [76, 4, 114, 6, 42, 229, 110, 208, 154, 82, 215, 149, 45, 69, 182, 34, 143], [168, 15, 161, 185, 144, 190, 98, 17]]