Tempo levado:
	12753.86992931366 segundos

Parâmetros:
	r: 0.99
	I: 2500
	pf: 0.01
	pi: 0.95
	seed: 0.9607990463850897

Valor da solução inicial encontrada:
	287398.53399999917

Valor da solução final encontrada:
	429281.00200000114

Solução encontrada:
	[[337, 30, 313, 378, 161, 472, 476, 49, 331, 299, 141, 323, 384, 316, 84, 278, 209, 465], [406, 108, 453, 350, 382, 247, 195, 42, 184, 341, 336, 129, 385, 383, 55, 131, 327, 411, 198, 45, 390], [380, 255, 440, 388, 145, 92, 425, 99, 124, 137, 235, 7], [264, 100, 302, 422, 332, 354, 272, 88, 320, 413, 86, 434, 408, 127, 461, 326], [437, 12, 478, 263, 69, 234, 216, 173, 261, 361, 180, 158, 27, 266, 188], [449, 48, 44, 17, 399, 238, 150, 73, 128, 346, 444, 259, 319, 189, 359, 211, 77, 98, 362, 430], [373, 102, 70, 135, 291, 439, 202, 78, 46, 345, 376, 58, 167, 39, 309, 470, 221, 268, 43], [80, 330, 424, 10, 442, 123, 160, 286, 396, 391, 426, 200, 462, 204, 105, 93, 182, 166, 101], [398, 34, 171, 107, 20, 447, 60, 164, 132, 386, 97, 401, 367, 412, 342, 139, 75], [63, 308, 252, 56, 274, 394, 370, 450, 218, 168, 192, 329, 353, 318, 363, 357], [428, 177, 360, 22, 96, 176, 475, 113, 446, 183, 340, 303, 110, 210, 438, 419, 267, 181, 89, 301, 339, 365, 9, 459, 152, 469, 407, 358, 473, 395, 114, 265, 474, 178, 443, 149, 175, 170, 203, 138, 400, 405], [76, 393, 11, 468, 245, 85, 65, 190, 420, 2, 236, 26, 284, 83, 31, 298, 134, 464, 206, 251, 191, 310, 52, 409, 41, 90, 187, 159, 214, 19, 87, 151, 335, 74, 324, 193, 172, 372], [389, 415, 4, 315, 435, 81, 276, 451, 348, 312, 250, 38, 144, 343, 314, 51, 119, 307, 47, 317, 133, 295, 104, 285], [270, 14, 418, 375, 103, 156, 199, 460, 227, 233, 349], [432, 5, 471, 64, 223, 136, 148, 404, 328, 397, 33, 249, 421, 163, 441, 262, 273, 277, 417, 321, 257, 457, 3], [427, 61, 196, 352, 95, 35, 364, 379, 381, 431, 414, 334, 116, 146, 157, 72, 436, 283, 155, 37, 240, 293, 179, 186, 219, 57, 344, 59, 115, 445, 207, 68, 122, 423, 305, 463, 269, 24, 117, 244, 1, 392, 54, 466, 201, 325, 467, 212, 280, 448, 322, 29, 23, 15, 237, 230, 455, 21, 147, 220, 130, 79, 0, 231, 126, 66, 140, 62, 50, 377, 232, 226, 8, 71, 338, 6, 368, 429, 333, 162, 82, 288], [311, 281, 94, 479, 254, 32, 36, 258, 228, 197, 292, 403, 174, 153, 213, 239, 287, 194, 279, 416, 111, 67], [121, 477, 387, 289, 112, 260, 142, 374, 294, 222, 355, 205, 306, 13, 271, 28, 275, 296, 456, 215, 297, 282, 246, 366], [369, 300, 53, 16, 304, 91, 18, 40, 229, 208, 217, 402, 243, 185, 125, 410, 433], [224, 154, 242, 253, 25, 118, 143, 452, 458, 371, 351, 109, 290, 225, 165, 169, 256, 248, 241, 106, 120, 347, 356, 454]]