Tempo levado:
	3789.914222240448 segundos

Parâmetros:
	r: 0.99
	I: 2500
	pf: 0.01
	pi: 0.95
	seed: 0.7668177689844184

Valor da solução inicial encontrada:
	122918.52500000007

Valor da solução final encontrada:
	193163.76400000034

Solução encontrada:
	[[107, 97, 235, 122, 52, 228, 87, 73, 149, 68, 166, 58, 22, 98, 30, 12, 230, 34, 46], [90, 92, 93, 60, 165, 31, 77, 194, 178, 156, 180, 55, 11, 8, 130, 177, 234, 79, 211, 176, 231, 84, 16, 138, 132, 105, 210, 222, 164, 39], [20, 99, 219, 232, 121, 209, 6, 10, 115, 186, 25, 74, 139, 195, 37, 174, 17, 86, 239, 62], [3, 197, 146, 72, 172, 7, 137, 0, 168, 131, 43, 150, 119, 160, 57, 153], [216, 56, 65, 184, 51, 40, 120, 78, 202, 127, 112, 70, 71, 157, 188, 69, 128], [126, 199, 142, 191, 100, 135, 24, 207, 158, 162, 36, 27, 181, 9, 189, 226, 147, 88, 117, 1, 155, 102, 53, 18, 118, 108, 35, 109, 233, 116, 152, 141, 167, 96, 26, 212, 238, 91, 236, 227, 159, 75, 83, 101, 193, 81, 214, 223, 151, 173, 192, 95, 204, 106, 14, 103, 63, 38, 32, 148], [237, 187, 182, 66, 104, 190, 85, 110], [218, 111, 23, 217, 47, 196, 201, 145], [50, 82, 133, 206, 136, 143, 114, 213, 61, 19, 48, 229], [179, 203, 221, 224, 154, 28, 175, 124, 113, 67, 42, 183, 134, 33, 220, 76, 123, 2, 163, 94, 205, 44, 4], [80, 13, 185, 200, 45, 170, 49, 198, 21, 169, 208, 89, 54, 5, 171, 64, 29, 41, 125], [129, 144, 225, 140, 215, 15, 59, 161]]