Tempo levado:
	3671.9629278182983 segundos

Parâmetros:
	r: 0.99
	I: 2500
	pf: 0.01
	pi: 0.95
	seed: 0.3770736813695075

Valor da solução inicial encontrada:
	122075.75800000028

Valor da solução final encontrada:
	188950.6479999999

Solução encontrada:
	[[108, 8, 129, 177, 143, 19, 18, 155, 126], [105, 154, 165, 148, 171, 75, 95, 46, 201, 82, 120, 147, 125, 14, 152, 43, 117, 54, 2], [28, 3, 151, 40, 127, 139, 23, 104, 175, 99, 58, 193, 164, 188, 86, 37, 124, 198, 170], [217, 204, 234, 223, 119, 238, 212, 30, 199, 132, 33, 200, 131, 150, 115, 160, 215, 138, 213, 190, 208, 202, 48, 12, 140, 39, 224, 38, 191, 61, 76, 26, 71, 29, 6, 229, 195, 110, 158, 74, 128, 51, 231, 78, 144, 123, 102, 230, 5, 222, 114, 220, 66, 32, 145, 21, 156, 80, 121, 79, 178], [189, 41, 192, 186, 56, 237, 239, 59, 163], [25, 60, 142, 72, 57, 22, 91, 133, 92, 1, 161, 137, 194, 173, 98], [162, 34, 90, 101, 44, 214, 226, 197, 180, 107, 187, 225, 70, 20, 63, 55, 111, 47, 15, 96], [81, 135, 69, 100, 203, 130, 50, 103, 0, 157, 118, 216, 181, 112, 179, 13, 65, 149, 87, 219, 11, 153, 207], [228, 184, 232, 36, 106, 35, 45, 62, 159, 172, 77, 53, 52, 183, 109, 27, 146, 209, 210, 176], [94, 136, 93, 83, 31, 9, 84, 218, 166, 227, 205, 182, 10, 169, 206, 68], [17, 168, 235, 88, 16, 185, 211, 196], [221, 85, 167, 116, 174, 113, 4, 64, 134, 97, 89, 122, 49, 7, 24, 233, 236, 141, 67, 73, 42]]