Tempo levado:
	10356.717285633087 segundos

Parâmetros:
	r: 0.99
	I: 2500
	pf: 0.01
	pi: 0.95
	seed: 0.6461333109643005

Valor da solução inicial encontrada:
	289678.4929999999

Valor da solução final encontrada:
	498140.6469999989

Solução encontrada:
	[[284, 196, 352, 87, 143, 332, 141, 328, 255, 41, 202, 238, 347, 75, 268, 233, 62, 337, 217, 400, 137, 223], [115, 12, 348, 376, 413, 82, 113, 414, 10, 177, 300, 230, 418, 42, 27, 437, 232, 194, 182, 405, 287, 229, 123, 48, 375, 249, 129, 251, 378, 167, 265, 1, 128, 18], [331, 52, 244, 152, 205, 453, 57, 132, 156, 26, 271], [191, 272, 443, 422, 198, 181, 471, 315, 72, 410, 391, 478, 358, 25, 273, 161, 144, 3, 318, 176, 322, 452, 342, 131], [64, 359, 84, 278, 266, 243, 444, 338, 58, 134, 336, 436, 220, 274, 36, 7, 138, 63, 292, 210], [118, 247, 78, 85, 361, 449, 454, 270, 439, 402, 333, 396, 408, 262, 215, 154, 121, 246, 387, 34, 151, 76, 136, 377, 419, 329], [135, 208, 54, 277, 466, 160, 381, 325, 250, 216, 218], [88, 77, 350, 221, 157, 334, 304, 455, 236, 195, 324, 94, 459], [178, 294, 276, 102, 290, 9, 426, 98, 311, 31, 354, 365, 363, 37, 39, 16, 22, 398, 263, 461, 438, 382, 93, 108], [468, 383, 83, 445, 240, 339, 434, 335, 188, 110, 380, 286, 257, 107, 112, 222, 367, 117, 440, 310, 479, 374, 275], [74, 368, 370, 477, 214, 302, 321, 404, 340, 360, 472, 242, 379, 474, 421, 190, 259, 163, 446, 393, 120, 200, 105, 362, 323, 237, 103, 241], [125, 155, 475, 371, 319, 285, 291, 460, 19, 207, 316, 30, 65], [66, 465, 345, 4, 6, 127, 71, 225, 55, 473, 254, 173, 442, 330, 203, 320, 204, 179, 44, 0, 67, 423, 99, 149, 13, 96], [69, 420, 119, 145, 162, 309, 464, 124, 49, 305, 2, 23, 457, 231, 142, 296, 307, 111, 412, 165, 357, 169, 301, 224, 467, 258, 185, 130, 133, 29, 180, 293, 372, 101, 298, 355, 313, 38, 384, 448, 80, 14, 60], [192, 441, 343, 73, 306, 253, 186, 403, 353, 51, 269, 209, 20], [432, 33, 79, 282, 211, 5, 451, 50, 68, 462, 91], [45, 344, 341, 59, 166, 317, 140, 407, 174, 56, 43, 409, 228], [392, 172, 406, 435, 428, 213, 415, 312, 429, 92, 171, 147], [164, 126, 476, 206, 86, 281, 458, 146, 385, 469, 389, 433, 15, 397, 227, 399, 104, 417, 95, 148, 463, 187, 97, 199, 260, 150, 364, 349, 289, 35, 450, 303, 248, 369, 308, 235, 346, 295, 170, 427, 61, 288, 139, 239, 366, 299, 158, 90, 280, 456, 47, 21, 168, 416, 114, 234, 46, 100, 193, 326, 431, 11, 261, 70, 122, 373, 212, 81, 327, 153, 17, 219, 201, 159, 183, 386, 470, 89, 424, 175, 314, 394, 252, 256, 297, 388, 116, 411, 32, 197, 189, 356, 351, 401, 184, 279, 264, 24, 245, 447, 390], [109, 267, 53, 40, 8, 226, 28, 106, 283, 395, 430, 425]]