Tempo levado:
	4451.08978676796 segundos

Parâmetros:
	r: 0.99
	I: 2500
	pf: 0.01
	pi: 0.95
	seed: 0.4748572643797505

Valor da solução inicial encontrada:
	122215.94400000015

Valor da solução final encontrada:
	189551.5120000004

Solução encontrada:
	[[203, 4, 181, 97, 141, 216, 36, 153, 64, 107, 62, 79, 38, 100, 178, 210, 50, 157, 3, 130, 126, 15, 14, 176], [198, 149, 63, 109, 127, 125, 65, 209, 164, 106, 103, 108, 180, 104, 5, 183, 113, 76, 28, 94, 87], [43, 118, 90, 192, 218, 44, 179, 7, 171, 154, 134, 151, 197, 233, 10, 136, 145, 37, 189], [217, 78, 123, 234, 219, 230, 150, 132, 223, 199, 212, 140, 12, 119, 238, 224, 213, 131, 110, 6, 39, 26, 138, 231, 195, 190, 174, 80, 191, 30, 33, 102, 74, 112, 158, 61, 160, 21, 204, 48, 29, 229, 128, 215, 66, 207, 222, 45, 32, 52, 156, 220, 208, 200, 144, 114, 121, 115, 71, 202, 51], [169, 18, 8, 196, 82, 124, 2, 92], [187, 167, 188, 221, 40, 182, 11, 95, 77, 139, 166, 1, 99, 152, 31, 24, 165, 122, 20, 42, 59, 58], [85, 193, 120, 47, 175, 101, 168, 55, 117, 9, 146, 225, 105, 143, 161, 25, 68], [214, 16, 22, 70, 93, 163, 211, 232, 137, 49, 23, 133, 96, 185, 19, 135], [155, 111, 142, 91, 60, 57, 184, 54, 237, 228, 170, 84, 173, 46, 177], [239, 129, 235, 81, 56, 98, 69, 206, 72], [186, 194, 162, 67, 41, 227, 88, 83, 27], [89, 0, 34, 147, 159, 73, 226, 205, 172, 236, 75, 148, 116, 13, 17, 86, 35, 201, 53]]