Tempo levado:
	4462.871763706207 segundos

Parâmetros:
	r: 0.99
	I: 2500
	pf: 0.01
	pi: 0.95
	seed: 0.39369572981800705

Valor da solução inicial encontrada:
	121311.72700000001

Valor da solução final encontrada:
	186714.30600000033

Solução encontrada:
	[[154, 107, 117, 148, 225, 141, 110, 151, 196, 19, 91, 136, 99, 220, 69, 46, 214, 217, 18, 227], [230, 130, 22, 190, 51, 239, 143, 111, 164, 209], [39, 74, 115, 84, 44, 122, 139, 203, 137, 76, 85, 36, 57, 97, 179, 35, 52, 147, 11, 174, 169, 150, 195, 197, 31, 167, 108, 80, 128, 79, 27, 175, 49, 65, 173, 7, 127, 215, 10, 202, 59, 100, 182, 20, 204, 1, 152, 26, 0, 55, 43, 158, 171, 75, 124, 235, 200, 72, 238, 47, 112, 192], [153, 29, 218, 126, 206, 234, 184, 37, 98, 187, 60, 212, 66, 86, 21, 33, 114, 237, 95, 83, 144, 41, 81, 56, 181], [102, 145, 88, 222, 3, 229, 90, 165, 177, 162, 77, 119, 161, 53, 216, 146, 223, 64, 109, 178], [30, 172, 191, 58, 211, 188, 221, 170, 105, 118, 73, 233, 224, 219, 131, 78, 62], [96, 89, 198, 213, 140, 38, 236, 101, 93, 40, 5, 23, 194, 67, 199, 45, 193], [4, 63, 113, 104, 70, 92, 201, 168], [163, 205, 61, 180, 50, 2, 8, 166, 87, 142, 123, 24, 71, 138, 28, 48], [231, 103, 155, 176, 125, 183, 232, 17, 134, 94, 185, 32, 14, 25, 208, 16, 157, 132, 210], [121, 120, 129, 106, 82, 189, 116, 9], [149, 228, 68, 12, 34, 226, 159, 42, 135, 160, 6, 133, 156, 15, 13, 186, 207, 54]]