Tempo levado:
	10589.823538541794 segundos

Parâmetros:
	r: 0.99
	I: 2500
	pf: 0.01
	pi: 0.95
	seed: 0.16327551462745538

Valor da solução inicial encontrada:
	291035.8280000002

Valor da solução final encontrada:
	487519.5920000006

Solução encontrada:
	[[287, 392, 304, 324, 191, 157, 192, 257, 171, 68, 277], [49, 357, 333, 212, 311, 230, 180, 390, 114, 89, 346, 116, 411, 32, 288, 219, 126, 447, 386, 70, 15, 104, 280, 308, 355, 239, 158, 437, 111, 175, 295, 309, 248, 13, 369, 61, 90, 183, 431, 289, 469, 11, 170, 42, 366, 100, 464, 169, 82, 281, 458, 153, 450, 476, 139, 356, 427, 385, 235, 260, 247, 436, 177, 189, 35, 97, 261, 327, 303, 150, 412, 388, 416, 142, 299, 364, 264, 394, 122, 105, 326, 313, 279, 115, 234, 351, 224], [317, 403, 243, 80, 174, 350, 55, 293, 338, 345, 31, 407, 10, 112, 14, 430, 87, 137, 278, 241, 462, 203], [474, 225, 269, 75, 7, 330, 165, 423, 99, 12, 130, 380, 121, 131, 5, 300, 228, 20, 72, 268, 85, 453, 188, 401, 151], [27, 439, 223, 468, 64, 36, 285, 209, 367, 254, 286, 274, 66, 53, 292, 310, 240, 58, 59, 51, 4], [135, 381, 91, 154, 88, 432, 418, 382, 207, 106, 316], [28, 186, 383, 371, 198, 266, 44, 33, 331, 451, 52, 129], [181, 340, 323, 29, 370, 354, 415, 215, 368, 328, 426, 391, 378, 110, 62, 179, 471, 141, 443, 422, 343, 244, 334, 93, 376, 444], [41, 30, 332, 352, 178, 226, 435, 57, 267, 455, 253, 79], [220, 325, 335, 26, 409, 361, 449, 460, 236, 319, 65], [86, 120, 113, 193, 81, 463, 397, 470, 21, 187, 296, 373, 168, 69, 307, 184, 399, 256, 2, 417, 201, 206, 294, 297, 448, 194, 314, 252, 467, 408, 95, 258, 47, 159, 456, 148, 251, 349, 197, 199, 144, 265, 227, 145, 232, 402, 473, 146, 23, 127, 78, 103, 440, 347, 164, 17, 101, 136, 410, 405], [211, 132, 160, 428, 363, 221, 109, 459, 202, 77, 210, 213, 271, 218], [63, 238, 83, 124, 321, 414, 393, 421, 102, 301, 375, 358, 216, 38, 272, 123, 3, 176, 434, 204, 302, 107, 9, 214, 472, 24, 245, 259, 438, 147, 387, 48], [19, 73, 284, 108, 250, 196, 454, 166, 118, 306, 117, 283, 479, 336, 276, 76, 134, 162, 242, 67, 377], [322, 424, 1, 420, 133, 305, 231, 155, 275, 161, 362, 433, 182, 400, 329, 348, 379, 249, 457, 452, 128, 167, 372, 185, 413, 18, 298, 6, 419, 74, 374, 389], [152, 56, 344, 172, 8, 45, 365, 125, 441, 341, 84], [396, 395, 255, 208, 54, 461, 217, 466, 291, 156, 94], [22, 315, 318, 320, 190, 398, 404, 96, 92, 429, 60, 43, 233, 262, 149, 442, 195, 290, 445, 34, 339], [465, 477, 478, 140, 273, 71, 200, 384, 37, 337, 446, 119, 143, 342, 16, 270, 222, 246, 46, 39, 98, 0, 263, 229, 173, 163, 359, 353], [406, 425, 312, 282, 50, 25, 40, 360, 138, 205, 237, 475]]