Tempo levado:
	4413.429650306702 segundos

Parâmetros:
	r: 0.99
	I: 2500
	pf: 0.01
	pi: 0.95
	seed: 0.04685611586595195

Valor da solução inicial encontrada:
	123883.04099999994

Valor da solução final encontrada:
	216703.9659999998

Solução encontrada:
	[[83, 65, 2, 52, 20, 202, 118, 199, 165], [28, 148, 86, 233, 56, 125, 213, 96, 216, 209, 157, 62, 122, 93, 26, 178, 140, 115, 187, 31, 19, 50, 27, 100, 0, 212, 105, 94, 156, 219, 10, 185, 45, 164, 152, 70, 23, 230, 237, 177, 68, 42, 109, 119, 136, 89, 141, 75, 29, 150, 7, 183, 36, 4, 146, 155, 53, 189, 88, 69, 95, 3, 200, 186, 51, 34, 14, 101, 170, 229, 32], [97, 59, 137, 239, 15, 128, 143, 225, 176, 39, 84], [73, 174, 129, 231, 151, 190, 72, 191, 61, 77, 131, 78, 168, 139, 184, 192, 218, 138, 149, 102, 92, 47], [193, 236, 180, 40, 37, 55, 172, 223, 226, 220, 13, 182, 132, 169, 103, 49, 124], [181, 201, 6, 134, 154, 76, 198, 173, 1], [87, 57, 22, 91, 11, 67, 74, 58, 142], [127, 33, 158, 79, 121, 228, 188, 17, 179, 25, 203, 206, 194, 35, 63, 205, 207, 221], [238, 43, 110, 5, 175, 112, 54, 208], [147, 117, 24, 160, 159, 107, 9, 196, 90, 21, 210, 82, 227, 30, 60, 116, 166, 46, 145, 123], [38, 98, 204, 153, 133, 215, 80, 108, 44, 171, 224, 8, 161, 114, 162, 81, 235, 113, 16, 71, 111], [163, 144, 64, 85, 214, 217, 120, 167, 234, 195, 106, 232, 130, 12, 66, 222, 211, 18, 41, 99, 104, 135, 197, 48, 126]]