Tempo levado:
	10472.820321083069 segundos

Parâmetros:
	r: 0.99
	I: 2500
	pf: 0.01
	pi: 0.95
	seed: 0.680840340369801

Valor da solução inicial encontrada:
	289430.64799999946

Valor da solução final encontrada:
	454806.53600000084

Solução encontrada:
	[[330, 399, 458, 273, 254, 260, 277, 457, 222, 215, 368, 162, 403, 34, 419, 268, 172, 384, 278, 148, 351], [100, 133, 405, 385, 178, 287, 275, 108, 158, 80, 356, 470, 36, 60, 127, 19, 416, 322, 201, 449, 22], [395, 440, 427, 320, 343, 197, 230, 302, 32, 147, 264, 194, 400, 265, 237, 461, 136, 171, 445, 21, 101, 11], [411, 466, 206, 75, 421, 31, 9, 378, 41, 217, 388, 363, 98, 253, 357, 173, 380, 477, 294, 0, 167, 318, 106, 168, 317, 134, 142, 15], [49, 290, 446, 93, 64, 66, 367, 244, 352, 468, 88, 55], [110, 5, 369, 208, 452, 460, 428, 266, 473, 118, 113, 402, 122, 301, 441, 51, 409, 439], [295, 138, 169, 434, 238, 288, 248, 255, 63, 360, 207, 25, 42, 152, 429, 96, 89, 3, 292, 47, 355, 94, 417, 128, 304, 176, 196, 447, 293, 77, 175, 335, 68, 261, 371, 43, 40, 130, 135, 114, 448, 188, 143, 325, 151, 24, 202, 379, 161, 387, 258, 181, 422, 234, 125, 166, 414, 271, 319, 33, 224, 437, 370, 345, 311, 104, 213, 71, 286, 263, 235, 366, 84, 479, 407, 242, 82, 467, 116, 377, 81, 38, 465, 349, 442, 132, 376, 157, 140], [300, 153, 338, 149, 121, 453, 312, 86, 326, 281, 424, 8], [20, 227, 310, 7, 126, 372, 336, 65, 92, 249, 386, 425], [299, 456, 221, 216, 220, 160, 472, 211, 78, 257, 83, 14, 129, 180, 123, 212, 350, 117, 72, 28, 214], [418, 415, 218, 436, 282, 283, 410, 231, 250, 189, 199, 375, 306, 150, 205, 272, 412, 262, 233], [226, 85, 183, 392, 329, 247, 154, 289, 398, 323, 324, 73, 52, 119, 37, 57, 145, 406, 177, 332, 423, 309, 432, 56, 193, 179, 433, 298, 105, 397, 79, 200, 35, 223, 219, 45, 232, 204], [276, 10, 246, 76, 296, 112, 159, 109, 274, 187, 381, 170, 16, 391, 454, 29, 475, 4, 358, 462, 13, 243], [18, 225, 313, 103, 328, 137, 39, 124, 348, 431, 267, 252], [102, 455, 12, 229, 463, 340, 74, 270, 284, 165, 174, 144, 444, 393, 396, 362, 364, 95, 139, 163, 91, 354, 184, 62, 390, 256, 198, 17, 53, 107, 131, 70, 185, 2, 186, 48, 347, 420, 27, 164, 426, 192], [382, 251, 90, 478, 361, 474, 308, 331, 443, 239, 346, 450, 315, 50, 141, 115, 459, 67, 285, 156, 337, 464, 23, 316, 333, 401, 404, 259, 146, 120, 228], [280, 241, 303, 269, 342, 44, 182, 279, 365, 46, 359, 240], [111, 87, 476, 430, 30, 334, 471, 195, 69, 297, 314, 209, 413, 394, 203, 54, 469, 339, 383, 373, 291, 99, 1, 210], [321, 408, 341, 190, 451, 155, 438, 245, 58, 435, 191, 307], [327, 97, 236, 26, 59, 374, 61, 353, 389, 305, 344, 6]]