Tempo levado:
	4344.557315349579 segundos

Parâmetros:
	r: 0.99
	I: 2500
	pf: 0.01
	pi: 0.95
	seed: 0.7738547615462461

Valor da solução inicial encontrada:
	120859.20500000003

Valor da solução final encontrada:
	186335.0950000003

Solução encontrada:
	[[232, 125, 141, 183, 123, 73, 64, 32, 87, 96, 89, 162, 28, 217, 181, 194, 225, 9, 209], [80, 167, 74, 52, 97, 115, 65, 206, 47, 84, 39, 152, 72, 171, 44, 79, 202, 150, 11, 197, 139, 147, 7, 76, 137, 108, 179, 204, 127, 158, 192, 124, 203, 36, 35, 10, 49, 215, 175, 112, 20, 122, 182, 85, 237, 100, 26, 169, 27, 0, 200, 57, 128, 195, 60, 31, 235, 75, 59, 1, 173, 176], [207, 211, 105, 22, 54, 6, 234, 51, 93, 172, 218, 13, 170, 213, 43, 34, 68, 161, 86, 46, 227], [193, 223, 38, 16, 15, 117, 94, 40, 33, 116, 4, 153, 224, 81, 70, 37, 220], [228, 174, 23, 177, 77, 157, 198, 151, 208, 24, 110, 66, 55, 144, 19, 210, 148, 56, 138, 188, 8], [67, 230, 111, 48, 130, 143, 226, 118, 164, 17, 190], [219, 2, 205, 196, 221, 58, 69, 135, 95, 99, 103, 133, 25, 53, 145, 236, 42], [126, 184, 136, 129, 5, 119, 29, 154, 98, 107, 88, 41, 165, 101, 233, 178, 30, 142, 180, 50], [156, 214, 109, 18, 155, 3, 132, 114, 102, 159, 131, 45, 140, 212, 106], [113, 189, 104, 199, 14, 71, 63, 121], [120, 201, 92, 239, 149, 168, 191, 82], [12, 160, 61, 222, 163, 186, 216, 62, 185, 146, 229, 238, 91, 83, 166, 187, 134, 90, 231, 21, 78]]