Tempo levado:
	9201.845005273819 segundos

Parâmetros:
	r: 0.99
	I: 2500
	pf: 0.01
	pi: 0.95
	seed: 0.7954544343146293

Valor da solução inicial encontrada:
	292048.2670000005

Valor da solução final encontrada:
	444221.3289999995

Solução encontrada:
	[[193, 450, 243, 373, 223, 272, 240, 388, 385, 178, 472, 331, 320, 189, 23, 354, 180, 367, 393, 459, 249, 0, 80, 276, 146], [14, 13, 264, 11, 172, 308, 265, 318, 462, 257, 75, 120, 170, 35, 420, 263, 253, 284, 400, 380, 330, 396, 361, 77, 356, 30, 395], [303, 269, 338, 150, 182, 44, 470, 266, 173, 278, 251], [441, 113, 302, 160, 428, 246, 153, 451, 430, 372, 468, 64, 109, 187, 317, 341, 471, 119, 282], [301, 310, 386, 352, 245, 206, 66, 59, 438, 321, 32], [408, 78, 375, 300, 199, 473, 405, 58, 262, 281, 351], [22, 222, 108, 305, 254, 274, 195, 279, 461, 239, 37, 168, 390, 436, 299, 216, 39, 61, 342, 475], [5, 117, 210, 118, 391, 8, 358, 241, 359, 421, 419, 426], [124, 4, 457, 291, 307, 233, 296, 399, 326, 54, 86, 250], [127, 314, 221, 337, 247, 452, 444, 209, 155, 88, 123, 100, 328, 55, 71, 31, 431, 158, 446, 403, 383], [374, 389, 133, 439, 1, 218, 418, 49, 227, 273, 101], [18, 177, 346, 445, 463, 190, 85, 402, 469, 225, 122, 340, 387, 220, 219, 392, 411, 212, 427, 363, 131, 290, 432, 27, 478, 327, 157, 333], [394, 424, 143, 185, 52, 89, 169, 139, 315, 167, 188, 135, 366, 371, 98, 422, 175, 38, 442, 270, 57, 449, 377, 161, 324, 447, 138, 448, 213, 62, 234, 224, 95, 323, 414, 19, 94, 15, 360, 466, 417, 164, 116, 198, 174, 183, 165, 74, 316, 211, 406, 362, 105, 91, 102], [90, 29, 368, 82, 458, 381, 112, 378, 259, 348, 322, 192, 111, 87, 36, 145, 45, 201, 343, 2, 93, 159, 191, 344, 69, 311, 397, 401, 339], [429, 60, 292, 144, 125, 179, 207, 152, 96, 196, 166, 474, 298, 47, 128, 345, 235, 136, 335, 467, 293, 226, 255, 63, 398, 465, 379, 304, 242, 370, 376, 33, 238, 479, 288, 132, 3, 332, 295, 12, 261, 319, 17, 42, 151, 181, 81, 229, 163, 40, 434, 43, 248, 407, 412, 325, 202, 104, 25, 437, 355, 154, 84, 68, 413, 176, 53, 107, 464, 115, 286, 289, 141, 142, 24], [460, 410, 369, 21, 334, 267, 423, 194, 365, 7, 476, 197, 129, 435, 252, 79, 232, 440, 72, 156, 275, 126], [34, 312, 425, 200, 208, 6, 350, 349, 256, 455, 186, 456, 294, 277, 217, 149, 415, 214, 65, 204, 477, 353, 51, 83, 148, 203], [236, 336, 46, 454, 171, 453, 244, 114, 97, 56, 9, 237, 231, 28, 26, 404, 416, 409, 285, 67], [215, 313, 103, 20, 41, 280, 205, 121, 92, 110, 137], [16, 382, 230, 287, 76, 271, 48, 162, 73, 147, 433, 140, 106, 329, 283, 134, 364, 357, 384, 297, 184, 130, 258, 260, 50, 70, 309, 443, 10, 99, 347, 306, 268, 228]]