Tempo levado:
	4000.979570388794 segundos

Parâmetros:
	r: 0.99
	I: 2500
	pf: 0.01
	pi: 0.95
	seed: 0.5675159676256654

Valor da solução inicial encontrada:
	124660.5190000001

Valor da solução final encontrada:
	214448.95600000006

Solução encontrada:
	[[224, 119, 182, 129, 181, 149, 60, 163, 56, 111, 169, 11, 194, 65, 174, 214, 187, 145, 198, 207, 9, 118, 134, 128, 218, 137, 167, 170, 12, 32, 210, 183, 99, 116, 89, 123, 141, 190, 136, 162, 34, 76, 85, 147, 154, 98, 117, 152, 19, 26, 101, 22, 178, 156, 159, 110, 73, 92, 232, 15, 24, 75, 211, 39, 96, 238, 236, 197, 215, 112, 36], [67, 78, 205, 46, 30, 209, 0, 71, 109, 223, 222, 79, 186, 68, 105, 82], [135, 219, 189, 77, 201, 171, 217, 45], [61, 173, 18, 185, 179, 44, 233, 188, 177, 143, 25, 103, 227, 7, 158, 140, 184, 172, 130, 239, 63, 104, 5, 48, 81], [59, 50, 132, 166, 55, 62, 94, 231, 150, 133, 139, 35, 225, 23, 148, 213], [125, 84, 37, 52, 42, 195, 229, 155], [66, 70, 17, 38, 64, 204, 29, 3, 27, 72, 93, 10, 53, 142, 114, 107, 196, 54, 146, 4], [69, 165, 91, 230, 21, 57, 126, 226, 216], [202, 108, 86, 131, 80, 151, 106, 115, 176, 161, 83, 13, 33, 157, 121, 90, 206, 180, 153, 138, 58, 41, 175, 235], [192, 1, 220, 95, 168, 199, 28, 14, 122], [51, 228, 234, 74, 8, 124, 40, 193, 88, 200, 49, 212, 144, 100, 2, 31, 16, 20, 221], [127, 164, 97, 191, 102, 203, 120, 47, 43, 208, 87, 6, 237, 160, 113]]