Tempo levado:
	10688.00646185875 segundos

Parâmetros:
	r: 0.99
	I: 2500
	pf: 0.01
	pi: 0.95
	seed: 0.786797267202077

Valor da solução inicial encontrada:
	289414.55900000007

Valor da solução final encontrada:
	462422.39400000096

Solução encontrada:
	[[116, 433, 365, 198, 232, 203, 395, 155, 323, 35, 383], [208, 79, 10, 68, 332, 50, 63, 102, 255, 84, 261, 57, 283, 271, 191, 85, 262, 300, 75, 16, 21, 117, 157, 146, 120, 364, 321, 370, 360, 231, 98, 318, 468, 443, 236, 266, 216, 444, 265, 96, 177, 158, 461, 144, 401, 45, 29, 149, 58, 430, 340, 48, 129, 167, 422, 71, 166, 53, 426, 336, 30, 17, 185, 322, 72, 32, 196, 34, 329, 130, 93, 92, 22, 148, 324, 425, 316, 224, 66, 314, 62, 287, 88, 180, 366, 440, 39, 309, 124, 424, 436], [230, 284, 169, 419, 110, 2, 23, 341, 18, 212, 119, 121, 81, 256, 312, 178, 7, 43, 342, 456, 406], [174, 211, 333, 128, 378, 8, 143, 189, 462, 273, 392, 3, 159, 399, 55, 387, 303, 113, 250, 218, 99, 358, 427, 275, 476, 355, 328, 25, 215, 403, 103], [240, 181, 61, 297, 259, 369, 67, 100, 234, 205, 13, 165, 160, 295, 353, 132, 135, 371, 379, 182, 221, 104], [474, 64, 26, 44, 464, 199, 445, 331, 0, 311, 451, 140, 65, 397, 253, 14, 42, 194, 391, 327, 264], [441, 412, 405, 147, 373, 24, 467, 136, 385, 351, 354, 156, 138, 225, 449, 111, 347, 202, 83, 414, 133, 270, 243, 277], [41, 51, 465, 105, 352, 428, 237, 390, 254, 361, 349], [384, 95, 206, 429, 115, 302, 27, 343, 183, 458, 193, 457], [69, 118, 307, 475, 279, 305, 126, 394, 473, 306, 308, 363, 339, 348, 187, 377, 89, 242, 186, 137, 171, 47, 150, 374, 393, 455], [109, 46, 431, 49, 38, 190, 315, 33, 31, 235, 176, 114, 173, 357, 244, 222, 226, 73, 106, 317, 252, 219, 452, 388, 281], [217, 280, 227, 233, 267, 184, 410, 40, 291, 435, 1, 257, 448, 94, 154, 408, 290, 326, 239, 320, 304, 411, 52, 139, 442, 152, 214], [90, 439, 207, 381, 125, 404, 142, 201, 188, 432, 447, 330, 228], [350, 28, 421, 245, 168, 446, 382, 471, 70, 122, 12, 466], [423, 289, 74, 195, 463, 454, 263, 413, 325, 223, 162, 76], [11, 292, 274, 470, 285, 36, 396, 151, 276, 112, 301, 372, 241, 6, 389, 417, 60, 299, 101, 131], [5, 362, 415, 123, 402, 200, 197, 438, 153, 54, 400, 4, 282, 368, 86, 367, 20, 213, 172, 278, 294, 80, 179, 319, 298, 91, 145, 251, 247, 77, 170, 210, 356, 386, 269, 453, 344, 437, 19, 78, 420, 376, 108, 220, 346, 163, 375], [229, 418, 296, 337, 469, 248, 97, 268, 272, 164, 15, 345], [288, 380, 134, 238, 477, 161, 459, 359, 192, 127, 107], [246, 87, 82, 175, 313, 286, 37, 293, 204, 434, 479, 141, 450, 460, 258, 335, 59, 416, 310, 9, 409, 407, 334, 398, 209, 478, 56, 338, 260, 472, 249]]