Tempo levado:
	4354.90695309639 segundos

Parâmetros:
	r: 0.99
	I: 2500
	pf: 0.01
	pi: 0.95
	seed: 0.7120906487897105

Valor da solução inicial encontrada:
	125691.62600000009

Valor da solução final encontrada:
	214075.42900000018

Solução encontrada:
	[[17, 224, 171, 181, 211, 22, 197, 234, 176, 153, 25, 124, 102, 182, 138, 139, 24, 117, 90, 87], [239, 121, 172, 47, 214, 180, 99, 208, 54], [159, 59, 65, 13, 221, 16, 114, 238, 112], [227, 192, 1, 92, 85, 147, 5, 232, 199, 205, 78, 137, 166, 44, 76, 161, 173, 118], [94, 148, 185, 141, 28, 122, 125, 89, 45, 29, 10, 146, 42, 216, 119, 23, 131, 62, 219, 0, 213, 209, 187, 93, 19, 177, 152, 26, 27, 136, 100, 233, 109, 115, 230, 71, 156, 183, 86, 31, 212, 96, 155, 105, 164, 218, 178, 157, 4, 50, 51, 69, 75, 56, 170, 140, 179, 237, 7, 129, 150, 14, 64, 53, 70, 189, 32, 95, 72, 12], [20, 58, 46, 91, 145, 74, 60, 11, 128, 97], [8, 52, 63, 144, 113, 151, 190, 18, 61, 108, 196, 169, 204, 36, 222, 167, 149, 67, 235, 130, 174, 133], [107, 103, 98, 135, 37, 143, 41, 88, 202, 123, 225, 226, 30, 236, 220, 223, 111, 127, 38, 193], [228, 160, 55, 15, 191, 194, 35, 132, 40, 184, 77, 188, 39, 158, 2, 207, 168], [80, 163, 3, 33, 162, 81, 66, 68, 104, 186, 101, 106, 9, 217, 34, 195, 82, 120, 48, 126, 200, 229, 210, 231, 79, 21, 215, 116], [154, 49, 134, 84, 203, 206, 201, 6, 83], [175, 198, 110, 57, 43, 165, 142, 73]]