Tempo levado:
	9654.231190443039 segundos

Parâmetros:
	r: 0.99
	I: 2500
	pf: 0.01
	pi: 0.95
	seed: 0.8143607920717109

Valor da solução inicial encontrada:
	290097.4059999999

Valor da solução final encontrada:
	434000.79000000074

Solução encontrada:
	[[230, 419, 242, 260, 387, 52, 383, 233, 100, 220, 119], [333, 30, 275, 416, 267, 261, 151, 379, 256, 310, 266, 250, 63, 210, 170, 143, 247, 99, 172, 344, 254, 74, 148, 84, 113, 294], [264, 18, 299, 123, 42, 185, 364, 136, 169, 167, 140], [369, 380, 309, 433, 179, 273, 465, 443, 375, 322, 311, 41, 127, 393, 57, 306, 50, 283, 262, 388, 213, 31, 45, 85, 329], [338, 268, 382, 401, 223, 231, 439, 125, 381, 409, 407, 413, 89, 94, 23, 225, 90, 202, 229, 318, 142, 72, 16, 272, 428, 128, 0, 314, 404, 112, 470, 396, 137, 176], [313, 425, 323, 476, 301, 278, 192, 452, 392, 279, 331, 228, 196, 212, 412, 120, 101, 91, 475, 459, 258, 203, 391, 304, 59, 93, 341, 4], [325, 138, 335, 3, 284, 13, 206, 442, 319, 216, 95, 157], [402, 226, 423, 154, 303, 166, 374, 317, 218, 55, 372, 47, 384, 466, 238, 178, 368, 420, 54], [343, 61, 149, 308, 161, 131, 187, 277, 32, 235, 116, 80], [147, 458, 389, 354, 249, 347, 174, 362, 197, 444, 386, 56, 246, 205, 287, 110, 410, 450, 104, 78], [405, 241, 86, 464, 472, 298, 24, 399, 209, 38, 257, 236, 454, 360, 29, 221, 141, 271], [281, 71, 200, 434, 363, 7, 351, 5, 126, 165, 150, 134], [474, 269, 215, 234, 296, 352, 411, 214, 359, 14, 274, 181, 20, 69, 426, 365, 171, 431, 237, 346, 106, 280, 376, 27, 320, 473, 302, 253, 353, 186, 124, 337], [334, 437, 295, 371, 457, 403, 290, 11, 33, 48, 227, 146], [456, 252, 366, 26, 462, 248, 152, 307, 195, 350, 447, 121, 432, 207, 177, 98, 46, 163, 451, 15, 201, 378, 139, 51, 240, 406, 79, 53, 22, 155, 211, 97, 2, 217, 160], [180, 82, 455, 175, 194, 118, 64, 188, 348, 239, 1, 193, 168, 328, 105, 129, 162, 25, 436, 36, 183, 397, 39, 263, 28, 156, 58, 288, 440, 21, 453, 81, 312, 282, 345, 76, 449, 469, 265, 198, 414, 9, 292, 286, 243, 191, 244, 445, 435, 173, 114, 390, 398, 219, 12, 77, 199, 259, 427, 133, 377, 103, 297, 429, 316, 189, 115, 75, 255, 430, 70, 144, 293, 468, 463, 415, 34, 49, 122, 395, 43, 184, 111, 276, 370], [19, 132, 460, 182, 145, 330, 107, 479, 478, 6, 394, 400, 109, 417, 339, 159, 357, 367, 73, 373, 300, 340], [8, 342, 17, 190, 83, 327, 285, 332, 10, 87, 270, 408, 67, 130, 446, 208, 40, 37, 461], [326, 441, 245, 164, 358, 361, 66, 422, 117, 92, 108, 356, 68, 102, 153, 467, 477, 424, 222, 158, 438, 44, 355, 224, 62], [471, 289, 349, 35, 96, 291, 60, 418, 321, 305, 135, 448, 315, 88, 232, 336, 251, 421, 324, 65, 385, 204]]