Tempo levado:
	9041.521666765213 segundos

Parâmetros:
	r: 0.99
	I: 2500
	pf: 0.01
	pi: 0.95
	seed: 0.265618411634559

Valor da solução inicial encontrada:
	290508.993

Valor da solução final encontrada:
	469321.17400000035

Solução encontrada:
	[[312, 193, 151, 183, 345, 253, 152, 259, 465, 267, 302, 456], [234, 60, 159, 35, 25, 127, 310, 434, 273, 418, 411, 240, 295, 359, 393, 46, 450, 215, 471, 244, 116, 206], [405, 132, 226, 381, 40, 404, 258, 76, 164, 350, 431, 306, 246, 239, 423, 42, 115, 227, 241, 214, 414], [299, 289, 288, 11, 457, 270, 467, 277, 327, 285, 406, 428], [395, 417, 228, 272, 155, 28, 421, 337, 275, 201, 109, 264, 419, 479, 451, 97, 369, 235], [460, 445, 44, 335, 409, 443, 58, 189, 303, 56, 343, 209, 407, 222, 398, 476, 318, 410, 47, 111, 416, 247, 197, 6, 112, 22, 141, 150, 237, 87, 103], [291, 14, 203, 390, 353, 41, 372, 51, 107, 304, 396, 447, 292, 205, 430, 290, 105, 156, 263, 173], [136, 433, 446, 27, 204, 137, 470, 397, 388, 352, 182, 243], [361, 134, 380, 441, 248, 12, 2, 223, 341, 192, 429], [125, 374, 229, 377, 475, 385, 99, 458, 194, 408, 389, 81, 278, 181, 230, 348, 64, 378, 55, 139, 391, 342, 400, 95, 286, 399, 212], [459, 202, 232, 13, 331, 268, 119, 323, 110, 162, 245], [198, 161, 217, 36, 454, 131, 188, 307, 279, 373, 74, 142], [300, 437, 1, 283, 50, 364, 129, 266, 158, 117, 271, 461, 249, 208, 472, 146, 144, 265, 191, 68, 79, 255, 196, 48, 376, 332, 336, 149, 148, 84, 118, 86, 91, 30, 185, 468, 329, 363, 157, 261, 225, 57, 63, 321, 39, 71, 231, 96, 98, 32, 366, 85, 262, 45, 444, 177, 34, 75, 453, 72, 62, 218, 16, 88, 93, 29, 102, 251, 213, 166, 92, 113, 10, 360, 120, 78, 4, 370, 167, 340, 236, 220, 108, 324, 362, 18, 424, 287], [326, 294, 130, 387, 8, 328, 9, 403, 17, 282, 186, 5, 66, 386, 436, 316, 52, 20, 260, 478, 89, 440, 180, 59, 250, 179, 21, 402, 401, 368, 422, 138, 415, 256, 334, 172, 124, 3, 165, 455, 276, 269, 114, 298, 163, 314], [106, 297, 317, 38, 100, 176, 123, 427, 449, 448, 153, 325, 37, 413, 356, 170, 308, 477, 462, 24, 101, 33, 83, 147, 15, 219], [43, 339, 354, 330, 338, 49, 452, 61, 174, 143, 82, 94, 238, 392, 379, 313, 311, 73, 349, 439, 178, 69, 426], [281, 128, 301, 65, 221, 293, 435, 7, 171, 254, 195, 280, 224, 160, 469, 135, 382, 26, 284, 242, 211, 133, 77, 233, 357, 438], [296, 274, 67, 207, 365, 384, 463, 70, 175, 473, 466], [140, 90, 122, 432, 474, 383, 464, 121, 187, 169, 190, 126], [315, 145, 351, 344, 367, 371, 199, 210, 346, 322, 23, 347, 394, 305, 333, 320, 319, 31, 53, 252, 0, 216, 442, 184, 425, 200, 54, 154, 358, 104, 168, 420, 80, 375, 257, 309, 19, 355, 412]]