Tempo levado:
	1038.2497696876526 segundos

Parâmetros:
	r: 0.99
	I: 1000
	pf: 0.05
	pi: 0.85
	seed: 0.9393161596822954

Valor da solução inicial encontrada:
	124331.66700000016

Valor da solução final encontrada:
	191978.51999999987

Solução encontrada:
	[[54, 80, 61, 70, 36, 138, 128, 120, 205, 44, 104, 140, 19, 22, 53, 127, 129, 184, 17, 5, 185, 173, 151, 177, 163, 233, 134, 24, 92, 190], [201, 206, 221, 231, 203, 122, 2, 235, 94, 8, 125, 82, 74, 83, 157, 143, 66, 188, 25], [62, 229, 133, 150, 42, 40, 105, 6, 35, 14, 225, 13, 18, 227, 137, 126, 103, 49], [4, 165, 50, 79, 220, 31, 153, 45, 113, 87, 189, 135, 93, 43, 148], [155, 81, 21, 0, 28, 186, 160, 78, 63, 52, 33, 202, 55, 106, 71, 193], [222, 20, 179, 109, 7, 46, 142, 86, 1, 27, 29, 196, 96, 100, 212, 180, 234, 67, 59, 238, 131, 178], [230, 30, 130, 57, 144, 64, 115, 58, 121, 38, 204, 72, 88, 200, 210, 10, 172, 176, 132, 23, 169, 156, 211, 161], [84, 95, 166, 195, 192, 219, 69, 77], [164, 146, 37, 168, 91, 213, 114, 68, 102], [112, 26, 209, 101, 65, 39, 3, 236, 117, 194, 239, 98, 159, 119, 167, 9, 123, 181, 207, 214, 162, 76, 147, 116, 197, 85, 32, 60, 218, 56, 136, 158, 73, 187, 110, 224, 154, 182, 108, 141, 149, 175, 12, 89, 75, 111, 232, 15, 215, 170, 90, 107, 51, 174, 198, 183, 145, 99, 152, 118, 11, 34], [216, 226, 191, 16, 139, 48, 199, 41], [237, 171, 124, 208, 228, 47, 217, 97, 223]]