Tempo levado:
	572,4940550327301 segundos

Parâmetros:
	r: 0.99
	I: 1000
	pf: 0.05
	pi: 0.85
	seed: 0.7852678227017194

Valor da solução encontrada:
	193329,00299999988

Solução encontrada:
	[[209, 208, 59, 6, 41, 202, 83, 52, 139, 8, 13, 238, 100, 74, 214, 197, 157, 61, 120], [37, 192, 168, 95, 62, 226, 42, 1], [80, 220, 203, 87, 79, 189, 212, 205, 199, 122, 10, 171, 92, 102, 69, 46], [223, 47, 217, 164, 97, 144, 219, 191], [104, 17, 177, 109, 196, 228, 72, 29, 27, 107, 234, 204, 213, 185, 176, 7, 172, 179, 130, 127, 215, 239, 128, 158, 175, 15], [147, 43, 30, 237, 96, 188, 73, 77, 181, 31, 49, 113, 101, 167, 163, 180, 22, 131, 159, 151, 54, 184, 38, 36, 18, 39, 134, 5, 143, 140, 161], [63, 155, 0, 153, 105, 81, 133, 33, 57, 84, 90, 93, 233, 82, 115, 108, 53, 44, 132], [160, 230, 45, 67, 21, 222, 195, 114, 124], [135, 148, 68, 64, 146, 70, 91, 186, 78], [145, 75, 142, 211, 207, 235, 174, 232, 76, 137, 224, 194, 141, 24, 136, 117, 86, 169, 149, 152, 26, 9, 170, 162, 118, 183, 66, 3, 236, 2, 32, 173, 110, 129, 111, 187, 123, 11, 89, 98, 19, 154, 138, 210, 156, 182, 218, 34, 12, 121, 178, 198, 119, 116, 150, 25, 60, 56, 190, 65, 85, 112, 99], [126, 125, 103, 35, 227, 4, 51, 50, 229, 193, 88, 48, 165, 106, 23, 14, 166], [40, 28, 231, 206, 225, 16, 20, 71, 221, 94, 55, 201, 216, 58, 200]]