Tempo levado:
	273,10489225387573 segundos

Parâmetros:
	r: 0.99
	I: 250
	pf: 0.05
	pi: 0.85
	seed: 0.8746048106564577

Valor da solução encontrada:
	170638,67800000028

Solução encontrada:
	[[220, 14, 27, 78, 16, 106, 227, 138, 228, 5, 124, 90, 235, 157, 234, 193, 28, 100, 140, 237], [200, 219, 122, 98, 73, 188, 183, 142, 81, 29, 19, 184, 174, 101, 216, 236, 118, 214, 65, 161, 151, 85, 11, 15, 116, 86, 123, 156, 218, 181, 111, 232, 60, 182, 128, 141, 194, 12, 119, 145, 190, 104, 167, 154, 89], [204, 31, 148, 51, 7, 223, 175, 95, 49, 71, 171, 153, 176, 96, 103, 39, 77, 82, 84], [189, 155, 52, 42, 217, 48, 45, 57], [59, 209, 46, 192, 88, 139, 127, 180, 222, 47, 55, 135, 67, 8, 225, 20], [113, 144, 164, 37, 87, 63, 206, 6, 70], [115, 229, 133, 109, 130, 30, 213, 102, 53, 185, 172, 13, 150, 179, 238, 215, 173, 22, 25, 136, 112, 10, 134, 137, 32], [62, 94, 199, 231, 166, 168, 132, 50, 126, 195, 93, 74, 191, 44, 61, 23], [68, 4, 165, 21, 64, 79, 203, 146, 1], [80, 202, 0, 41, 226, 205, 33, 201, 196, 58, 35, 230, 233, 177, 40, 18, 36, 147, 210, 121, 2], [72, 66, 38, 211, 83, 125, 3, 158, 152, 107, 92, 131, 54, 108, 105, 143, 163, 75, 129, 197, 34, 24, 239, 43, 187, 169, 162, 186, 159, 170, 17, 26, 149, 99, 76, 117, 207, 9, 56, 198, 178, 224, 110], [69, 120, 221, 114, 208, 212, 97, 160, 91]]