Tempo levado:
	365.98748779296875 segundos

Parâmetros:
	r: 0.99
	I: 250
	pf: 0.05
	pi: 0.85
	seed: 0.6965759435120636

Valor da solução inicial encontrada:
	123417.66499999983

Valor da solução final encontrada:
	170277.65800000037

Solução encontrada:
	[[93, 79, 96, 130, 85, 181, 207, 72, 197, 82, 112, 228, 60, 153, 5, 31, 218, 119, 124, 204, 18, 210, 194, 27, 76, 198, 26, 65, 178, 7, 215, 49, 141, 129, 163, 34, 118, 110, 182], [94, 237, 62, 105, 205, 20, 177, 229, 1, 55, 78, 63, 81, 35, 143, 179, 214, 103], [42, 70, 230, 195, 125, 48, 51, 47, 67], [69, 126, 219, 191, 113, 100, 77, 6, 227], [231, 139, 80, 209, 208, 41, 13, 14, 135], [50, 235, 83, 160, 199, 10, 39, 171, 22, 146, 59, 150, 137, 61, 156, 132, 29, 138, 127, 140, 86, 134], [3, 226, 190, 109, 167, 52, 28, 9, 75, 123, 8, 239, 159, 56, 147, 116, 99, 32, 115, 193, 170, 145, 117, 149, 174, 169, 188, 24, 73, 12, 136, 128, 162, 98, 107, 175, 232, 101, 19, 211, 152, 44, 11, 187, 111, 89, 154], [168, 176, 37, 213, 186, 23, 2, 95, 173, 74, 88, 200, 184, 212, 233, 66, 161, 183, 102, 221, 157], [40, 122, 217, 225, 202, 121, 222, 189, 16, 144, 155, 0, 201, 234, 45], [38, 142, 120, 104, 158, 21, 25, 196, 53, 90, 236, 151, 203, 108, 30, 15, 36, 58, 43, 172, 131, 17, 238, 54, 224, 92, 180], [192, 223, 97, 64, 57, 216, 148, 165, 91], [33, 84, 133, 164, 46, 71, 68, 166, 87, 106, 206, 114, 4, 220, 185]]