Tempo levado:
	1229,2802202701569 segundos

Parâmetros:
	r: 0.99
	I: 2500
	pf: 0.05
	pi: 0.85
	seed: 0.2151389093024817

Valor da solução encontrada:
	200325,29800000045

Solução encontrada:
	[[73, 10, 36, 181, 110, 15, 147, 136, 210, 129, 112, 56, 233, 194, 12, 141, 174, 119, 19, 75, 65, 98, 116, 32, 145, 99, 207, 134, 76, 117, 172, 161, 22, 123, 154, 182, 214, 163, 85, 107, 26, 198, 218, 60, 236, 34, 158, 224, 118, 178, 11, 111, 167, 149, 232, 9, 170, 7, 89, 153, 169, 74, 5, 211, 187], [16, 84, 231, 171, 220, 155, 217, 77], [221, 202, 201, 165, 120, 109, 8, 151, 179, 25, 142, 131, 17, 39, 193, 205, 234, 24, 3, 197, 140, 128, 101, 137, 121, 96], [219, 71, 23, 27, 235, 213, 223, 33, 59, 78, 227, 105, 61, 64, 139, 176, 49, 18], [122, 79, 6, 126, 31, 135, 124, 20, 41, 51, 28, 35, 92, 148, 44, 43, 90, 143], [87, 83, 225, 189, 67, 127, 209, 196, 212, 93, 185, 86, 53, 13, 180, 106, 100, 238, 29, 177], [37, 208, 229, 114, 50, 46, 199, 1, 30], [81, 226, 91, 103, 95, 63, 52, 68, 57], [55, 144, 40, 186, 168, 206, 0, 69, 21, 222, 216, 192, 160, 45], [230, 58, 66, 132, 104, 38, 115, 80, 215, 156, 102, 204, 72, 152, 54, 2, 150, 188, 159, 82, 138, 130, 190, 239, 162, 183, 184, 175, 173], [113, 97, 191, 146, 4, 48, 164, 203], [195, 125, 133, 70, 157, 14, 237, 62, 94, 228, 47, 166, 88, 200, 108, 42]]