Tempo levado:
	196,14674520492554 segundos

Parâmetros:
	r: 0.99
	I: 50
	pf: 0.05
	pi: 0.85
	seed: 0.37974561805413987

Valor da solução inicial encontrada:
	123895.82800000017

Valor da solução final encontrada:
	159356,5180000006

Solução encontrada:
	[[144, 168, 223, 235, 74, 2, 19, 48, 150, 147, 11, 35, 194, 170, 123, 238, 10, 75, 212, 179, 50, 158, 141, 169, 152, 149, 174, 9, 154, 159, 85, 111, 128], [72, 213, 55, 17, 202, 41, 96, 143, 95, 18, 12, 129, 83, 177, 176, 221, 236, 29, 167, 104, 206, 36, 163, 153, 116, 76, 211, 65, 207], [52, 30, 234, 1, 222, 155, 69, 31, 45], [209, 124, 191, 16, 62, 171, 231, 139], [92, 215, 198, 188, 132, 178, 89, 56, 21, 105, 112, 22, 145, 117, 166, 195, 24, 233, 136, 3, 79, 175, 172, 101, 108, 224, 8, 131, 214, 34, 7, 190, 59, 119, 218, 187, 60, 182, 118], [208, 47, 192, 126, 113, 6, 226, 237, 57], [125, 122, 180, 73, 28, 61, 184, 210, 183, 138, 130, 86, 217, 162, 140, 54, 39, 77, 23, 26, 32, 156, 134, 71, 99, 109, 15, 110, 232, 181], [14, 200, 93, 53, 204, 100, 80, 94, 228, 205, 199, 197, 82, 78, 121, 44, 88, 137, 5, 133, 98], [63, 70, 164, 203, 219, 91, 114, 127, 68, 146, 58, 33, 106, 102, 46], [229, 27, 185, 97, 103, 227, 165, 0, 157, 196, 148, 49, 193, 120, 43, 161, 90, 151, 20, 142], [87, 51, 135, 4, 160, 84, 189, 220, 225], [173, 40, 216, 37, 107, 42, 115, 64, 67, 230, 239, 186, 201, 66, 38, 81, 13, 25]]