Tempo levado:
	462.449556350708 segundos

Parâmetros:
	r: 0.99
	I: 500
	pf: 0.05
	pi: 0.85
	seed: 0.055465074318733154

Valor da solução inicial encontrada:
	123887.95299999992

Valor da solução final encontrada:
	179500.20000000027

Solução encontrada:
	[[14, 204, 82, 27, 196, 235, 130, 143, 71, 104, 42, 109, 177, 30, 153, 61, 90, 86, 157, 193, 161, 167, 29], [1, 122, 155, 231, 52, 37, 50, 45], [168, 208, 80, 97, 160, 113, 237, 124, 43, 74, 126, 6, 144, 83, 125, 131], [62, 164, 20, 94, 69, 139, 70, 195], [135, 16, 28, 202, 72, 213, 17, 173, 221, 102, 64, 10, 7, 142, 150, 67, 8, 115, 21], [228, 210, 98, 180, 24, 101, 54, 194, 172, 2, 188, 184, 88, 136, 129, 120, 128, 15, 211, 110, 207, 26, 12, 116, 182, 175, 159, 76, 236, 11, 183, 111, 156, 89, 232, 151, 224, 181, 32, 162, 92, 65, 145, 60, 215, 149, 9, 132, 117, 178, 154, 198, 218, 119], [49, 212, 13, 229, 233, 5, 19, 197, 123, 100, 39, 112, 66, 223, 170, 147, 3, 73, 190, 53, 34, 141, 22, 169, 238, 134, 174, 239, 75, 85, 152, 214, 58, 99, 105, 163, 137, 118, 56, 187], [77, 87, 185, 203, 127, 227, 225, 55, 18, 36, 201, 140, 206, 199, 33, 200, 179, 106, 31], [41, 79, 219, 35, 51, 121, 191, 171, 84, 4, 148, 107, 25, 176, 93, 46, 23], [226, 68, 186, 146, 165, 230, 91, 63, 189], [217, 216, 81, 40, 166, 48, 192, 57, 47], [59, 222, 158, 44, 95, 78, 234, 0, 103, 220, 133, 114, 138, 209, 205, 96, 38, 108]]