Tempo levado:
	375,6116967201233 segundos

Parâmetros:
	r: 0.99
	I: 500
	pf: 0.05
	pi: 0.85
	seed: 0.31015639751116186

Valor da solução encontrada:
	180157,9549999998

Solução encontrada:
	[[52, 217, 191, 209, 4, 186, 0, 95], [150, 54, 165, 230, 131, 159, 126, 5, 27, 30, 108, 188, 90, 38, 24, 162, 61, 8, 92, 117, 184, 183, 75, 236, 19, 172, 239, 111, 116, 56, 137, 110, 11], [51, 233, 149, 93, 14, 98, 60, 101, 85, 73, 9, 119, 34, 88, 15, 89, 129, 232, 147, 224, 32, 152, 190, 218, 187, 197, 49, 136, 174, 26, 141, 22, 65, 76, 210, 134, 214, 234, 99, 164, 161, 207, 123, 36, 238, 145, 170, 121, 118, 163, 169, 12, 194, 182, 198, 154], [94, 62, 70, 148, 151, 64, 228, 157, 196, 50, 82, 47, 204, 115, 138, 200, 31, 35], [133, 144, 192, 222, 57, 68, 199, 91, 67], [205, 229, 66, 53, 104, 46, 17, 7, 109, 208, 71, 13, 79, 100, 72, 176, 202, 215, 177, 201, 173, 180], [16, 189, 122, 221, 212, 40, 171, 168, 55, 206, 20, 225, 86, 69, 58], [216, 125, 6, 81, 226, 139, 203, 48, 21], [219, 223, 97, 231, 155, 80, 220, 41], [185, 77, 96, 166, 167, 45, 25, 83, 181, 130, 29, 39, 140, 2, 227, 211, 87, 132, 23, 179, 128, 156, 44, 178, 112, 3, 175], [84, 78, 42, 59, 37, 193, 28, 105, 33, 235, 195, 213, 10, 18, 124, 142, 158, 74], [114, 146, 106, 135, 113, 160, 63, 120, 103, 127, 1, 237, 102, 43, 143, 107, 153]]