Tempo levado:
	246.165052652359 segundos

Parâmetros:
	r: 0.99
	I: 50
	pf: 0.05
	pi: 0.85
	seed: 0.5413846438849677

Valor da solução inicial encontrada:
	122517.99399999999

Valor da solução final encontrada:
	158111.6410000002

Solução encontrada:
	[[203, 106, 87, 206, 23, 235, 185, 90, 66, 82, 133, 115, 220, 1, 58, 113, 38, 196, 32, 73], [228, 208, 135, 207, 81, 140, 221, 17, 7, 102, 8, 199, 59, 2, 165, 14, 47, 92, 43, 5], [189, 155, 69, 42, 114, 168, 41, 229], [97, 192, 45, 52, 77, 146, 125, 20], [62, 55, 46, 157, 53, 132, 63, 227, 205, 177, 179, 202, 239, 13, 123, 121, 144, 44, 222, 100, 215, 238], [232, 36, 18, 145, 139, 86, 212, 24, 194, 22, 191, 159, 233, 158, 116, 167, 34, 65, 101, 109, 54, 26, 214, 76, 35, 30, 161, 119, 117, 178, 211, 152, 129, 80, 56, 181, 128, 210, 141, 12, 149, 134, 163], [223, 164, 27, 172, 0, 72, 105, 209, 71, 78, 193, 188, 131, 49, 33, 61, 156, 237, 150, 110], [226, 31, 186, 122, 126, 40, 120, 74, 176, 216, 184, 57, 70, 124, 103, 48, 197], [231, 91, 4, 94, 171, 84, 37, 160, 166], [28, 108, 64, 85, 236, 137, 67, 230, 68, 127, 50, 142, 151, 25, 111, 130, 173, 204, 83, 98, 93, 19, 218, 29, 182, 15, 187, 99, 224], [148, 6, 219, 95, 88, 217, 79, 195, 21], [213, 51, 200, 107, 112, 60, 39, 16, 234, 153, 174, 143, 9, 10, 225, 201, 183, 138, 162, 136, 154, 3, 170, 96, 198, 11, 190, 75, 169, 175, 147, 104, 118, 89, 180]]