Tempo levado:
	1897,1155512332916 segundos

Parâmetros:
	r: 0.99
	I: 2500
	pf: 0.05
	pi: 0.85
	seed: 0.47166298534653484

Valor da solução inicial encontrada:
	123557.69100000012

Valor da solução final encontrada:
	197722,90599999984

Solução encontrada:
	[[166, 87, 106, 127, 7, 203, 132, 43, 171, 226, 199, 27, 97, 227, 107, 102, 22, 75, 3], [93, 17, 14, 220, 69, 196, 234, 72, 25, 202, 83, 53, 204, 157, 185, 238, 61, 48, 178, 121, 18, 170], [191, 164, 192, 216, 45, 37, 57, 148], [208, 16, 135, 212, 189, 20, 195, 231, 64], [0, 222, 150, 46, 62, 105, 100, 230, 126, 213, 115, 35, 51, 200, 79, 74, 193], [165, 41, 13, 120, 206, 124, 177, 130, 63, 144, 151, 44, 153, 179, 23, 139, 173, 158, 90, 108, 147], [6, 155, 125, 114, 228, 122, 103, 94, 113], [223, 71, 217, 55, 47, 31, 225, 59, 42, 77, 176, 160, 140, 184, 84, 4], [146, 133, 219, 186, 70, 81, 209, 1], [168, 68, 28, 30, 95, 50, 52, 58, 221, 54, 229, 201, 205, 88, 21, 10, 82], [172, 40, 49, 235, 96, 66, 215, 67, 73, 112, 210, 109, 80, 161, 2, 239, 33, 91, 38, 180, 128, 233, 162, 24, 175, 86, 8, 39, 188, 224], [167, 78, 182, 237, 119, 123, 142, 117, 134, 9, 34, 101, 236, 29, 141, 156, 89, 159, 143, 214, 136, 137, 131, 36, 5, 207, 218, 65, 56, 163, 145, 26, 169, 138, 194, 11, 92, 60, 174, 99, 149, 211, 181, 118, 198, 197, 19, 111, 116, 129, 152, 98, 76, 85, 232, 12, 183, 32, 104, 190, 15, 110, 154, 187]]