Tempo levado:
	2216,557980775833 segundos

Parâmetros:
	r: 0.99
	I: 2500
	pf: 0.05
	pi: 0.85
	seed: 0.3371920198330187

Valor da solução inicial encontrada:
	123654.03500000012

Valor da solução final encontrada:
	214186,1020000001

Solução encontrada:
	[[135, 125, 45, 126, 133, 148, 216, 192], [129, 232, 159, 19, 152, 73, 236, 207, 181, 89, 76, 111, 183, 145, 85, 136, 116, 98, 36, 214, 169, 99, 163, 182, 118, 65, 34, 190, 187, 194, 141, 12, 178, 156, 9, 119, 167, 15, 117, 60, 110, 174, 149, 198, 224, 175, 54, 134, 154, 32, 218, 170, 26, 161, 56, 197, 75, 211, 123, 11, 147, 49, 92, 101, 90, 96, 137, 210, 22, 176, 24], [219, 168, 195, 62, 229, 37, 42, 1], [63, 25, 23, 165, 33, 131, 21, 91, 70, 68, 130, 164, 58, 203, 81, 127, 47], [180, 66, 173, 88, 157, 7, 151, 215, 238, 138, 86, 8, 202, 18, 83, 31, 77, 40, 233, 2, 128, 43, 74, 59, 230], [235, 199, 57, 87, 50, 10, 20, 166, 144, 102, 231, 69, 64, 4, 191], [132, 38, 3, 17, 139, 61, 104, 239, 158, 189, 142, 162, 80, 150, 51, 82, 188, 67, 105, 120, 97], [55, 153, 35, 227, 193, 124, 44, 103, 160, 122, 228, 28, 225, 78, 186, 220, 222], [29, 172, 221, 5, 201, 184, 200, 72, 143, 234, 39, 205, 212, 112, 140, 177, 108, 109, 179, 27, 237, 209, 185], [204, 115, 107, 30, 121, 93, 95, 53, 13, 100, 113, 223, 94, 196, 14, 71, 84], [226, 16, 52, 217, 213, 171, 0, 206], [6, 46, 146, 41, 106, 79, 155, 208, 114, 48]]