Tempo levado:
	1677.2370254993439 segundos

Parâmetros:
	r: 0.99
	I: 2500
	pf: 0.05
	pi: 0.85
	seed: 0.01265441986457383

Valor da solução inicial encontrada:
	123899.70499999987

Valor da solução final encontrada:
	214318.7829999998

Solução encontrada:
	[[188, 157, 33, 235, 109, 124, 120, 28, 196, 104, 166, 193, 151, 2, 30, 25, 38, 177, 43, 86, 8, 143, 197], [155, 135, 139, 164, 226, 191, 64, 122], [77, 144, 74, 212, 216, 168, 88, 91, 29, 21, 172, 186, 192, 113, 201, 16], [31, 209, 223, 204, 158, 184, 200, 153, 176, 225, 67, 228, 103, 42, 227, 106, 173, 53, 13], [181, 187, 56, 136, 9, 89, 149, 32, 232, 174, 19, 123, 85, 75, 182, 145, 34, 141, 60, 194, 99, 154, 183, 224, 159, 11, 118, 161, 169, 190, 163, 117, 65, 112, 36, 39, 26, 178, 210, 73, 211, 218, 140, 167, 76, 15, 239, 110, 175, 236, 116, 134, 101, 128, 162, 98, 137, 119, 12, 207, 156, 214, 198, 170, 111, 152, 90, 129, 22, 96, 7, 92], [4, 71, 59, 0, 160, 81, 55, 23, 78, 51, 150, 231, 27, 47, 105, 213], [108, 205, 234, 72, 66, 180, 80, 40, 18, 179, 138, 233, 17, 3, 102, 49, 82, 14, 132, 202, 10, 58, 24, 147, 5, 130], [100, 238, 61, 83, 70, 126, 115, 215, 219, 35, 54, 93, 41, 121, 131, 142, 230, 221, 107], [46, 208, 171, 114, 50, 206, 95, 217, 148], [146, 45, 37, 125, 52, 222, 48, 6], [189, 87, 79, 220, 203, 165, 20, 199, 185, 44, 57, 229, 195, 68, 63], [62, 133, 237, 84, 94, 69, 1, 97, 127]]