Tempo levado:
	2232,0677683353424 segundos

Parâmetros:
	r: 0.99
	I: 2500
	pf: 0.05
	pi: 0.85
	seed: 0.7786980234593368

Valor da solução inicial encontrada:
	123306.13200000003

Valor da solução final encontrada:
	210553,27699999954

Solução encontrada:
	[[71, 153, 216, 103, 87, 165, 72, 53, 6, 78, 74, 104, 57, 13, 48, 106, 230, 22], [33, 148, 225, 196, 199, 42, 59, 67, 189, 41, 200, 237, 192, 133, 70], [212, 16, 84, 4, 64, 95, 195, 68, 52], [219, 62, 221, 114, 31, 127, 191, 102, 14], [56, 145, 34, 117, 76, 152, 123, 19, 118, 89, 194, 36, 85, 60, 207, 9, 98, 163, 183, 190, 136, 224, 181, 232, 182, 174, 134, 154, 11, 129, 101, 198, 187, 119, 65, 99, 169, 141, 110, 116, 32, 128, 170, 167, 178, 214, 92, 75, 197, 159, 236, 218, 26, 73, 149, 96, 12, 111, 39, 162, 5, 211, 175, 147, 137, 188, 112, 108, 24, 210, 233], [226, 122, 37, 21, 139, 186, 1, 91, 168], [40, 206, 94, 220, 126, 125, 238, 93, 20, 231, 166, 173, 45, 88, 100, 209], [51, 47, 82, 28, 105, 228, 203, 171, 30, 143, 63, 77, 144, 164, 29, 185], [235, 229, 0, 222, 217, 227, 223, 155, 135], [205, 177, 69, 61, 239, 179, 234, 140, 18, 58, 113, 43, 80, 44, 55, 138, 81, 201, 158, 208, 3], [10, 161, 132, 107, 66, 7, 27, 142, 86, 15, 17, 121, 131, 109, 176, 90, 180, 156, 38, 54, 151, 157, 172, 49, 204, 184, 25, 50], [120, 150, 8, 130, 202, 83, 115, 2, 215, 23, 213, 193, 160, 35, 46, 146, 97, 79, 124]]