Tempo levado:
	2360.5961725711823 segundos

Parâmetros:
	r: 0.99
	I: 2500
	pf: 0.05
	pi: 0.85
	seed: 0.3225917192222464

Valor da solução inicial encontrada:
	122779.68299999998

Valor da solução final encontrada:
	209183.42299999952

Solução encontrada:
	[[87, 135, 77, 42, 79, 20, 227, 16, 225], [207, 181, 89, 85, 190, 98, 9, 145, 116, 129, 123, 117, 32, 111, 152, 101, 60, 218, 99, 11, 92, 194, 198, 12, 134, 76, 224, 187, 141, 163, 170, 182, 119, 65, 149, 34, 118, 169, 175, 211, 183, 128, 174, 110, 154, 36, 56, 73, 26, 136, 232, 236, 214, 210, 159, 178, 112, 96, 39, 167, 156, 140, 22, 197, 161, 19, 15, 121, 162, 75, 233, 108], [61, 131, 157, 49, 59, 41, 133, 86, 10, 38, 126, 40, 193, 238, 143, 107, 142, 125, 153, 234, 179, 29], [27, 30, 95, 230, 235, 97, 222, 220, 228, 124, 51, 165, 5, 31, 229, 130, 137], [24, 151, 177, 90, 138, 43, 114, 66, 83, 106, 67, 35, 200, 195, 127, 188, 23, 160, 206, 205, 180, 8], [216, 155, 103, 33, 78, 55, 72, 1, 14, 45, 74, 184, 91, 100, 46, 84], [13, 204, 196, 223, 113, 28, 192, 237, 202, 71, 53, 208, 109, 139, 18, 3, 168], [64, 166, 62, 2, 69, 144, 173, 171, 226, 88, 57, 231, 21, 209, 120, 176], [215, 93, 80, 150, 132, 50, 158, 54, 25, 17, 115, 44, 58, 217, 239, 81, 7, 185, 102, 172, 147, 104], [191, 213, 0, 203, 4, 105, 68, 47, 186], [146, 219, 189, 199, 122, 48, 201, 6, 212], [164, 221, 94, 37, 148, 70, 82, 63, 52]]