Tempo levado:
	1817.110060930252 segundos

Parâmetros:
	r: 0.99
	I: 2500
	pf: 0.05
	pi: 0.85
	seed: 0.6619460995061908

Valor da solução inicial encontrada:
	123313.23600000009

Valor da solução final encontrada:
	193270.91900000055

Solução encontrada:
	[[50, 122, 212, 166, 4, 231, 209, 79, 120], [191, 223, 222, 208, 217, 47, 203, 97], [69, 0, 230, 133, 68, 229, 64, 150, 177, 18, 115, 62, 179, 30, 58, 104, 214, 43, 205], [95, 221, 41, 219, 51, 80, 199, 131, 14, 102, 70, 78, 135, 235, 107, 151], [226, 126, 48, 189, 168, 37, 195, 6], [114, 160, 81, 146, 38, 106, 164, 2, 173, 17, 238, 200, 184, 201, 61, 92, 113, 74, 88], [144, 197, 57, 142, 91, 236, 234, 72, 130, 29, 186, 21, 196, 112, 83, 228, 8, 239, 82, 211, 132, 39, 140, 90, 193], [16, 71, 192, 84, 206, 33, 53, 23, 148, 165, 13, 213, 202, 153, 124, 176, 55], [163, 25, 63, 172, 181, 111, 98, 19, 101, 145, 167, 137, 60, 99, 89, 9, 7, 174, 232, 154, 24, 110, 119, 12, 224, 194, 100, 152, 169, 117, 76, 218, 93, 123, 198, 180, 136, 108, 162, 207, 5, 187, 22, 65, 129, 182, 156, 149, 141, 175, 128, 85, 34, 170, 190, 36, 116, 44, 11, 26, 161, 56, 118], [188, 171, 185, 66, 40, 109, 54, 147, 183, 49, 75, 134, 215, 237, 121, 210, 46, 32, 157, 233, 159, 178, 3, 73, 86, 15, 35, 96, 10, 138], [155, 45, 216, 77, 125, 139, 1, 52, 105], [225, 42, 87, 67, 227, 220, 28, 103, 59, 127, 94, 20, 143, 31, 204, 158, 27]]