Tempo levado:
	1684.1007311344147 segundos

Parâmetros:
	r: 0.99
	I: 2500
	pf: 0.05
	pi: 0.85
	seed: 0.7688648288271263

Valor da solução inicial encontrada:
	112751.09600000002

Valor da solução final encontrada:
	196073.29700000025

Solução encontrada:
	[[124, 217, 70, 16, 221, 62, 51, 105, 13, 150, 219, 100, 139, 47, 63], [144, 205, 164, 114, 222, 206, 37, 120, 14], [94, 229, 199, 87, 133, 235, 31, 40, 67, 189, 68, 45, 113, 135, 148], [208, 43, 93, 127, 96, 212, 203, 185, 213, 179, 103, 54, 55, 22, 107, 177, 180, 186, 233, 188, 25, 176], [195, 168, 6, 42, 41, 227, 20, 0, 226], [231, 48, 84, 155, 30, 171, 46, 10, 192, 52, 142, 33, 50, 237, 193], [165, 230, 21, 173, 69, 108, 38, 91, 130, 153, 161, 126, 2, 157, 234, 151, 156, 24, 162, 122, 58, 26, 86], [146, 216, 196, 1, 64, 57, 97, 220, 79], [4, 166, 191, 160, 81, 125, 209, 106, 95], [80, 201, 181, 131, 109, 5, 112, 66, 39, 17, 215, 115, 102, 8, 197, 204, 44, 167, 159, 238, 158, 29, 178, 239, 128, 7, 90, 15, 61, 140], [78, 72, 27, 200, 223, 23, 83, 59, 202, 225, 71, 88, 184, 77, 3, 53, 35, 74, 18, 138], [32, 194, 232, 198, 89, 104, 187, 119, 183, 73, 145, 28, 116, 182, 174, 76, 121, 136, 163, 19, 134, 49, 123, 60, 99, 117, 218, 98, 85, 129, 9, 82, 143, 236, 175, 149, 34, 170, 36, 75, 56, 224, 12, 228, 92, 137, 147, 132, 154, 101, 111, 110, 190, 172, 118, 210, 65, 11, 169, 152, 207, 214, 211, 141]]