Tempo levado:
	1652.4707610607147 segundos

Parâmetros:
	r: 0.99
	I: 2500
	pf: 0.05
	pi: 0.85
	seed: 0.9175629165069855

Valor da solução inicial encontrada:
	122395.35100000023

Valor da solução final encontrada:
	199126.1939999996

Solução encontrada:
	[[107, 27, 223, 14, 104, 132, 144, 172, 109, 53, 215, 138, 204, 86, 75, 82, 24, 137, 101, 179, 162, 18, 180, 44, 239, 90, 193], [0, 155, 189, 235, 31, 203, 87, 1, 55], [37, 165, 122, 71, 38, 61, 10, 192, 188, 184, 142, 3, 200, 74, 158, 238, 67, 173, 161, 33, 156, 2], [88, 212, 168, 20, 69, 231, 64, 50, 130, 166, 16, 206, 120, 94, 213], [219, 48, 97, 208, 79, 80, 100, 124, 78], [95, 220, 113, 45, 114, 68, 195, 106, 46], [70, 63, 164, 126, 77, 8, 127, 135, 6, 43, 62, 139, 73, 103, 102, 57, 96], [148, 221, 40, 39, 133, 131, 93, 229, 205, 225, 5, 108, 209, 216, 13, 151, 35, 177, 234, 54], [160, 51, 4, 84, 125, 21, 153, 59, 81, 47, 199, 42, 191, 41, 29], [136, 92, 159, 181, 30, 112, 119, 167, 134, 23, 226, 32, 236, 121, 9, 117, 110, 76, 194, 19, 26, 118, 170, 224, 85, 123, 116, 145, 178, 198, 56, 210, 129, 149, 169, 22, 154, 12, 99, 233, 190, 214, 65, 174, 60, 11, 207, 49, 141, 111, 152, 163, 36, 98, 89, 128, 15, 34, 197, 218, 183, 175, 187, 232, 182, 140], [25, 202, 28, 227, 115, 147, 185, 72, 146, 83, 58, 17, 230, 66, 150, 196, 157, 91, 176, 211, 143, 7], [237, 186, 171, 217, 222, 52, 201, 228, 105]]