Tempo levado:
	1710.1061434745789 segundos

Parâmetros:
	r: 0.99
	I: 2500
	pf: 0.05
	pi: 0.85
	seed: 0.8411714941820607

Valor da solução inicial encontrada:
	118273,78300000008

Valor da solução final encontrada:
	197686.10400000043

Solução encontrada:
	[[35, 77, 125, 184, 90, 158, 67, 103, 55, 177, 5, 157, 153, 31, 81, 38, 44, 151, 145, 193, 105, 7, 197], [84, 195, 69, 133, 219, 20, 62, 94], [213, 148, 223, 6, 228, 221, 97, 227, 27, 104, 200, 100, 204, 142, 106, 39, 185, 68], [226, 135, 186, 42, 199, 122, 1, 40, 225], [230, 95, 124, 126, 51, 80, 30, 58, 115, 107, 63, 78, 82, 57, 74, 21, 10, 72], [235, 139, 202, 192, 23, 237, 47, 217, 33, 238, 96, 196, 3, 17, 109, 215, 25, 102, 14, 121], [170, 119, 143, 123, 56, 152, 92, 149, 112, 32, 9, 110, 130, 224, 178, 132, 85, 131, 137, 53, 194, 117, 76, 154, 98, 174, 134, 229, 187, 111, 211, 207, 136, 239, 12, 118, 89, 73, 198, 99, 163, 129, 36, 34, 19, 169, 176, 175, 75, 65, 26, 49, 180, 183, 86, 60, 233, 162, 190, 11, 232, 218, 141], [93, 114, 45, 4, 113, 146, 127, 222, 120, 64, 88, 160, 83, 208, 50], [220, 209, 71, 166, 231, 46, 16, 79, 59], [13, 15, 61, 29, 138, 173, 150, 205, 108, 161, 2, 101, 182, 181, 188, 70, 18, 22, 8, 214, 128, 24, 210, 43, 66, 179, 156, 236, 54, 147, 159, 167, 116, 140], [164, 191, 155, 203, 0, 216, 41, 28], [168, 189, 212, 201, 144, 171, 37, 91, 48, 206, 52, 234, 165, 87, 172]]