Tempo levado:
	1878.10453414917 segundos

Parâmetros:
	r: 0.99
	I: 2500
	pf: 0.05
	pi: 0.85
	seed: 0.38401159610254143

Valor da solução inicial encontrada:
	120276.93800000029

Valor da solução final encontrada:
	199878.13799999983

Solução encontrada:
	[[87, 37, 31, 71, 209, 6, 106, 51, 48, 227, 200, 102, 234, 206, 205, 7, 96, 184, 175], [160, 197, 228, 112, 15, 138, 100, 109, 134, 238, 13, 66, 167, 24, 34, 179, 74, 172, 131, 180, 108, 215, 211, 178, 235, 54, 73, 128, 43, 159, 137, 202, 156], [63, 33, 201, 164, 77, 135, 127, 192, 1, 86, 144, 155, 30, 8, 84, 193], [72, 136, 176, 181, 163, 56, 12, 59, 149, 92, 183, 26, 39, 98, 49, 140, 101, 177, 236, 145, 162, 85, 89, 118, 173, 224, 99, 11, 232, 218, 9, 76, 182, 90, 194, 132, 198, 210, 214, 174, 233, 190, 154, 157, 129, 152, 170, 117, 36, 239, 60, 169, 110, 141, 32, 161, 123, 207, 187, 75, 65, 119, 19, 111], [17, 91, 21, 3, 10, 142, 153, 25, 53, 38, 151, 67, 61, 121, 22, 107, 143, 204, 158, 130, 188, 116, 58, 147, 5], [223, 79, 203, 0, 78, 27, 103, 186, 148, 196, 124, 68, 57, 225, 82, 55], [46, 229, 133, 105, 150, 14, 70, 62, 16, 222], [221, 171, 191, 217, 47, 122, 199, 226], [81, 114, 146, 4, 139, 231, 219, 41], [95, 212, 69, 166, 168, 64, 2, 88, 50, 165, 195, 208, 120, 237, 97], [20, 126, 45, 216, 52, 213, 189, 125], [28, 220, 42, 40, 94, 185, 115, 80, 113, 230, 93, 83, 44, 18, 35, 23, 104, 29]]