Tempo levado:
	1668.4616179466248 segundos

Parâmetros:
	r: 0.99
	I: 2500
	pf: 0.05
	pi: 0.85
	seed: 0.5200744630514847

Valor da solução inicial encontrada:
	122515.65700000038

Valor da solução final encontrada:
	191497.322

Solução encontrada:
	[[168, 217, 171, 226, 126, 222, 216, 206], [221, 122, 79, 220, 146, 28, 191, 237, 1], [219, 67, 69, 13, 196, 20, 61, 51, 124, 100, 104, 109, 177, 143, 115, 213, 86, 151, 173, 197], [37, 6, 41, 31, 139, 83, 235, 94, 62, 199, 135, 185, 18, 42, 93, 150], [230, 77, 144, 16, 52, 63, 64, 165, 200], [166, 231, 4, 209, 148, 81, 102, 160, 192, 95, 47, 84, 23, 44, 225], [70, 14, 125, 204, 153, 202, 82, 193, 17, 35, 54, 147, 72, 142, 157, 29, 53, 234, 46, 25, 66, 156, 233], [195, 71, 59, 57, 87, 33, 176, 103, 184, 172, 88, 188, 106, 78, 49, 161, 8, 2, 96, 43, 74, 22, 175], [7, 136, 12, 229, 65, 210, 152, 194, 73, 170, 140, 129, 92, 26, 121, 75, 159, 10, 119, 224, 123, 207, 174, 227, 236, 50, 36, 178, 182, 198, 118, 183, 167, 169, 181, 145, 24, 32, 5, 21, 60, 117, 34, 98, 141, 76, 85, 116, 149, 112, 110, 9, 111, 211, 218, 179, 187, 11, 99, 232], [223, 120, 0, 30, 203, 130, 97, 155, 45, 113, 105, 164, 107, 27, 68], [127, 114, 101, 205, 80, 58, 162, 228, 239, 55, 132, 19, 138, 137, 158, 180, 15, 108, 128, 134, 190, 215, 38, 131, 39, 3, 56, 238, 89, 154, 163, 214, 90], [40, 189, 212, 186, 201, 208, 91, 133, 48]]