Tempo levado:
	1707,9569652080536 segundos

Parâmetros:
	r: 0.99
	I: 2500
	pf: 0.01
	pi: 0.85
	seed: 0.5231259718281049

Valor da solução encontrada:
	200790,67400000003

Solução encontrada:
	[[64, 68, 146, 148, 231, 4, 50, 81, 115, 213, 46, 61, 150, 58, 112, 105, 173], [62, 135, 45, 139, 191, 47, 199, 171], [78, 103, 125, 160, 59, 35, 44, 67, 158, 202, 225, 21, 230, 153, 172, 126, 165, 238], [164, 223, 95, 217, 6, 97, 30, 219], [216, 200, 16, 88, 83, 28, 52, 37, 14, 229, 206, 48, 228, 196, 74, 40], [41, 84, 221, 114, 70, 93, 0, 133, 195], [119, 143, 85, 10, 194, 140, 210, 236, 182, 117, 107, 111, 239, 101, 224, 187, 214, 56, 32, 174, 184, 134, 19, 12, 54, 89, 147, 181, 152, 190, 90, 36, 136, 163, 137, 123, 108, 34, 98, 232, 110, 99, 9, 129, 66, 180, 11, 145, 207, 26, 218, 169, 141, 65, 60, 198, 179, 149, 116, 154, 156, 211, 170, 92, 24, 128], [226, 43, 185, 132, 161, 17, 197, 157, 22, 82, 49, 76, 183, 118, 203, 23, 15, 204, 176, 86, 38, 104, 75, 167, 3, 96, 25, 178, 215, 188, 159], [237, 120, 27, 13, 8, 33, 124, 106, 71, 53, 235, 63, 208, 2, 7, 175, 91, 29, 177, 193], [189, 166, 69, 144, 212, 209, 130, 168, 192], [127, 102, 20, 131, 186, 162, 80, 142, 39, 57, 233, 72, 234, 138, 205, 109, 5, 100, 201, 73, 151, 51, 121], [18, 113, 1, 31, 87, 77, 55, 79, 155, 94, 42, 227, 220, 222, 122]]