Tempo levado:
	1623,017984867096 segundos

Parâmetros:
	r: 0.99
	I: 2500
	pf: 0.05
	pi: 0.85
	seed: 0.270148216405215

Valor da solução encontrada:
	201267,80300000036

Solução encontrada:
	[[62, 219, 97, 133, 126, 195, 189, 168], [223, 231, 20, 225, 21, 50, 203, 120, 59], [185, 5, 211, 140, 39, 65, 110, 32, 227, 182, 136, 119, 181, 92, 18, 101, 42, 194, 60, 190, 154, 149, 86, 159, 167, 180, 22, 178, 188, 145, 26, 218, 19, 98, 56, 187, 207, 34, 134, 9, 174, 163, 89, 76, 183, 129, 232, 117, 11, 214, 152, 118, 111, 141, 224, 36, 170, 116, 85, 123, 198, 75, 169, 12, 99, 161], [41, 235, 114, 37, 229, 139, 148, 209, 31], [135, 45, 1, 192, 113, 144, 222, 74, 77, 196, 228, 28, 234, 216, 69], [172, 158, 197, 179, 210, 93, 17, 112, 54, 52, 44, 104, 29, 63, 160, 193, 15, 121, 13, 73, 236, 43, 3, 175, 128, 238, 108, 7, 90], [66, 38, 91, 40, 83, 205, 94, 138, 100, 24, 82, 137, 239, 200, 35, 132, 164, 125, 2, 143, 173, 215, 162], [221, 106, 237, 109, 206, 208, 33, 201, 53, 8, 78, 105, 48, 142, 131, 151, 176, 71, 233], [84, 103, 70, 16, 95, 146, 88, 14, 202, 204, 107, 130, 27, 157, 30, 217], [230, 64, 212, 67, 68, 124, 213, 4, 177, 10, 171, 166, 186, 58, 79, 199, 156], [61, 115, 87, 81, 51, 72, 25, 57, 165, 184, 220, 150, 127, 147, 96, 102, 49, 23, 80, 153], [6, 0, 122, 46, 47, 191, 226, 55, 155]]