Tempo levado:
	1699.1562416553497 segundos

Parâmetros:
	r: 0.99
	I: 2500
	pf: 0.01
	pi: 0.85
	seed: 0.05273642207640883

Valor da solução inicial encontrada:
	122766.33500000021

Valor da solução final encontrada:
	207846.40600000042

Solução encontrada:
	[[155, 216, 48, 63, 192, 125, 57, 186, 126], [64, 146, 95, 30, 1, 69, 219, 78, 100, 196, 14, 62, 97, 27, 204], [84, 16, 70, 189, 133, 20, 195, 94], [45, 208, 114, 113, 164, 230, 200, 144, 160, 83, 120, 40, 143, 50, 43, 213], [176, 34, 96, 99, 129, 207, 162, 76, 32, 145, 185, 26, 119, 89, 12, 19, 210, 72, 98, 183, 198, 167, 224, 174, 24, 82, 85, 56, 175, 29, 163, 101, 73, 136, 111, 159, 154, 11, 178, 187, 232, 182, 170, 118, 60, 9, 134, 117, 194, 190, 22, 75, 110, 169, 138, 149, 65, 123, 214, 116, 152, 236, 218, 180, 141, 112, 181, 36], [135, 168, 52, 37, 221, 41, 139, 206], [80, 58, 55, 205, 132, 142, 38, 121, 109, 53, 107, 54, 131, 10, 161, 108, 17, 172, 212, 215, 156, 15, 74, 157, 92, 104, 90], [225, 87, 220, 71, 59, 227, 6, 209, 67, 31, 222, 234, 203, 7, 102, 103, 235], [223, 226, 171, 47, 217, 231, 199, 91], [42, 122, 28, 35, 124, 228, 201, 51, 193, 13, 105, 237, 202, 8, 33, 130, 211, 153, 49, 18], [93, 197, 127, 2, 140, 239, 173, 25, 81, 238, 188, 88, 61, 148, 44, 39, 233, 147, 77, 66, 86, 5, 184, 179, 151, 137], [191, 46, 166, 0, 79, 4, 150, 165, 115, 21, 68, 229, 106, 3, 23, 158, 177, 128]]