Tempo levado:
	1934,0395247936249 segundos

Parâmetros:
	r: 0.99
	I: 2500
	pf: 0.15
	pi: 0.85
	seed: 0.8950963106066973

Valor da solução encontrada:
	196088,6769999997

Solução encontrada:
	[[0, 6, 52, 160, 47, 125, 213, 105, 97, 142], [15, 32, 172, 218, 119, 73, 224, 129, 130, 58, 136, 12, 99, 76, 85, 7, 182, 238, 36, 140, 98, 215, 180, 134, 89, 154, 233, 169, 194, 211, 236, 65, 159, 123, 110, 116, 158, 163, 35, 174, 187, 117, 207, 86, 152, 49, 56, 183, 11, 101, 111, 145, 149, 92, 198, 232, 141, 176, 60, 118, 9, 34, 190, 170], [127, 138, 220, 171, 102, 59, 209, 14, 77, 88, 23, 27, 107, 4, 5, 54, 82, 66, 156, 162, 108], [62, 74, 113, 100, 185, 40, 222, 37, 139, 216, 126, 45, 206, 21, 204, 121], [221, 212, 20, 151, 208, 122, 201, 237, 231, 225, 203, 103, 50, 64, 191], [91, 33, 67, 78, 109, 51, 87, 2, 227, 96, 57, 55, 38, 131, 13, 10, 17, 93, 22, 75, 3, 161, 181], [219, 42, 223, 195, 95, 84, 71, 230], [144, 165, 177, 179, 72, 18, 25, 147, 8, 150, 229, 168, 173, 61, 132, 104, 53, 184, 188, 26, 210, 29, 43, 24, 175, 19], [69, 226, 189, 1, 16, 63, 199, 217], [196, 202, 192, 80, 115, 44, 205, 166, 200, 157, 197, 112, 178, 81, 39, 167, 106, 120, 239, 90, 143, 128, 214, 137], [28, 155, 83, 146, 48, 30, 114, 153, 31, 41, 235, 164, 124, 234, 79, 193], [70, 135, 148, 186, 228, 46, 133, 68, 94]]