Tempo levado:
	1852.080800294876 segundos

Parâmetros:
	r: 0.99
	I: 2500
	pf: 0.1
	pi: 0.85
	seed: 0.24585964317190068

Valor da solução inicial encontrada:
	122876.8019999999

Valor da solução final encontrada:
	191625.16999999984

Solução encontrada:
	[[20, 61, 168, 77, 18, 7, 184, 100, 17, 193, 105, 150, 104, 72, 49, 88, 166, 71, 8, 54, 124], [201, 221, 114, 16, 171, 107, 212, 235, 30, 27, 122, 144, 69, 206, 37], [226, 217, 231, 191, 225, 209, 237, 223], [155, 134, 158, 22, 143, 119, 59, 136, 149, 118, 215, 110, 15, 188, 137, 169, 116, 85, 129, 112, 123, 76, 162, 167, 174, 183, 99, 89, 224, 218, 154, 232, 207, 210, 194, 98, 75, 147, 60, 142, 56, 152, 145, 197, 159, 24, 187, 32, 198, 73, 9, 141, 26, 11, 178, 111, 182, 19, 12, 190, 65], [62, 50, 79, 195, 229, 222, 46, 125, 0], [68, 97, 165, 51, 219, 230, 81, 23, 153, 80, 91, 94, 48, 10, 67, 199], [31, 151, 204, 172, 66, 220, 228, 161, 132, 38, 234, 109, 138, 196, 156, 25, 29, 47, 170, 82, 176, 43, 238, 34, 101, 163, 236, 121, 36], [203, 83, 164, 120, 200, 106, 130, 2, 115, 87, 96, 185, 90, 63, 33, 157, 74, 35, 28], [78, 42, 160, 70, 186, 103, 202, 55, 146, 227, 13, 84, 14, 53, 45, 3], [64, 41, 148, 4, 139, 216, 95, 213, 21], [205, 93, 133, 127, 58, 126, 5, 128, 44, 211, 239, 6, 102, 108, 140, 39, 57, 131, 179, 214, 86, 177, 180, 173, 92, 233, 181, 175, 117], [208, 189, 52, 135, 192, 1, 40, 113]]