Tempo levado:
	1461,916333436966 segundos

Parâmetros:
	r: 0.99
	I: 2500
	pf: 0.1
	pi: 0.85
	seed: 0.09686108497520574

Valor da solução encontrada:
	196053,05899999986

Solução encontrada:
	[[69, 63, 189, 57, 45, 165, 126, 103, 70], [166, 4, 114, 64, 50, 115, 93, 95, 195, 44, 94, 220, 140, 178, 231, 86, 120], [208, 171, 144, 186, 124, 16, 21, 13, 68, 212, 222, 213, 168, 100, 97], [41, 146, 135, 192, 164, 216, 148, 91], [130, 14, 73, 149, 19, 136, 85, 11, 108, 60, 32, 182, 159, 98, 117, 43, 188, 183, 181, 194, 138, 123, 198, 75, 24, 145, 190, 39, 101, 152, 89, 170, 236, 102, 129, 76, 22, 141, 116, 36, 56, 99, 218, 65, 154, 174, 232, 163, 111, 235, 119, 207, 104, 175, 238, 211, 118, 167, 187, 224, 169], [67, 42, 225, 87, 37, 31, 199, 6, 133, 122, 228, 203, 227, 201, 20], [17, 25, 202, 150, 55, 151, 173, 8, 215, 206, 185, 77, 142, 18, 53, 226, 61, 7, 193, 137, 177, 214, 29, 147], [109, 176, 66, 10, 157, 180, 96, 239, 172, 9, 92, 54, 153, 134, 233, 2, 132, 15, 82, 179, 3, 49, 128, 34, 210, 110, 184, 161, 156, 121, 197, 12, 90, 127, 112, 26], [48, 52, 155, 217, 219, 71, 223, 81], [84, 59, 125, 237, 162, 107, 27, 200, 204, 131, 234, 38, 106, 33, 58, 143, 158, 35, 5, 205, 196], [51, 28, 78, 230, 160, 113, 88, 83, 80, 79, 1, 72, 30, 23, 47, 74, 40], [0, 62, 46, 105, 191, 221, 209, 139, 229]]