Tempo levado:
	1754.135845899582 segundos

Parâmetros:
	r: 0.99
	I: 2500
	pf: 0.15
	pi: 0.85
	seed: 0.012341951853055644

Valor da solução inicial encontrada:
	123277.92199999998

Valor da solução final encontrada:
	198215.98200000057

Solução encontrada:
	[[45, 203, 171, 189, 0, 126, 191, 63], [235, 163, 167, 111, 26, 176, 129, 76, 141, 218, 187, 169, 112, 197, 56, 236, 134, 181, 72, 19, 132, 152, 149, 140, 108, 183, 65, 136, 12, 89, 5, 117, 119, 34, 60, 73, 147, 3, 214, 36, 86, 154, 145, 98, 15, 121, 170, 174, 182, 194, 198, 224, 180, 123, 128, 232, 32, 207, 233, 118, 9, 7, 110, 190], [25, 216, 185, 202, 157, 103, 61, 188, 138, 201, 109, 238, 172, 54, 49, 173, 66, 115, 13, 151, 215, 22, 234, 239, 161], [16, 144, 124, 122, 135, 226, 48, 41, 208], [71, 223, 37, 219, 217, 164, 206, 113], [168, 146, 70, 84, 95, 195, 46, 30], [93, 220, 166, 20, 209, 87, 199, 50, 47, 14, 82, 88, 100, 204, 114, 17, 193], [150, 55, 59, 105, 77, 80, 6, 40, 139, 137, 120, 160, 38, 18, 205, 179, 28, 107, 44], [52, 165, 91, 81, 192, 68, 23, 21, 186, 39, 127, 57, 213, 4, 142, 10, 102], [69, 133, 97, 237, 62, 2, 221, 196, 64, 27, 33, 1, 148, 231, 75, 79], [42, 125, 225, 227, 67, 155, 35, 78, 153, 158, 31, 143, 228, 177, 184, 90, 53, 94, 200], [230, 74, 212, 106, 130, 83, 8, 11, 156, 131, 92, 29, 159, 229, 211, 104, 99, 210, 116, 58, 24, 51, 222, 101, 43, 96, 162, 175, 85, 178]]