Tempo levado:
	1367,5858476161957 segundos

Parâmetros:
	r: 0.99
	I: 2500
	pf: 0.05
	pi: 0.85
	seed: 0.884479094090102

Valor da solução encontrada:
	201351.27799999976

Solução encontrada:
	[[70, 135, 45, 208, 222, 209, 47, 20], [130, 217, 96, 120, 151, 50, 147, 25, 176, 17, 173, 227, 90, 66, 204, 158, 38, 197, 2, 82, 54, 74, 161, 49, 75, 211, 152], [97, 95, 195, 213, 146, 114, 79, 64, 115], [192, 168, 69, 189, 212, 139, 57, 144, 1], [191, 4, 126, 124, 160, 166, 62, 106, 122, 153, 44, 202, 234, 58, 21, 8, 43, 7], [133, 164, 41, 14, 91, 100, 200, 102, 216, 52, 48, 150, 105, 42, 6, 15], [221, 201, 206, 220, 171, 228, 138, 148, 87, 77, 35, 185, 81, 61, 67, 219], [231, 84, 155, 226, 16, 125, 103, 0], [230, 113, 68, 46, 229, 88, 28, 165, 71, 31, 23, 186, 30, 72, 51, 10, 27], [182, 238, 9, 55, 98, 163, 232, 119, 123, 19, 92, 76, 156, 99, 167, 145, 143, 136, 134, 34, 22, 181, 129, 169, 194, 162, 178, 236, 174, 198, 121, 111, 224, 170, 215, 85, 26, 101, 60, 207, 141, 36, 190, 149, 56, 154, 183, 11, 239, 89, 118, 5, 187, 73, 24, 214, 116, 32, 175, 108, 210, 131, 12, 128, 65, 117, 110, 218], [237, 80, 78, 37, 188, 40, 233, 93, 199, 172, 63, 196, 109, 112, 225, 177, 13, 159, 180, 184, 83], [33, 203, 235, 59, 127, 223, 94, 104, 53, 132, 142, 205, 179, 193, 157, 140, 29, 39, 86, 107, 137, 3, 18]]