Tempo levado:
	1716.1141421794891 segundos

Parâmetros:
	r: 0.99
	I: 2500
	pf: 0.05
	pi: 0.9
	seed: 0.4998387313898065

Valor da solução inicial encontrada:
	124369.45899999993

Valor da solução final encontrada:
	193559.56700000004

Solução encontrada:
	[[4, 37, 199, 115, 87, 95, 42, 166, 51, 140, 191, 47, 205, 31, 184, 71], [148, 84, 20, 70, 133, 231, 57, 64, 131], [114, 41, 235, 93, 120, 6, 3, 25, 50, 179, 49, 18, 82, 44, 81, 158, 79, 21, 195], [69, 219, 168, 223, 52, 48, 229, 165], [209, 163, 183, 39, 7, 85, 76, 188, 174, 53, 214, 181, 9, 43, 83, 207, 65, 110, 145, 111, 75, 8, 89, 60, 210, 90, 232, 129, 26, 167, 98, 152, 236, 224, 211, 218, 12, 11, 116, 169, 123, 194, 92, 56, 32, 118, 159, 36, 19, 136, 149, 23, 182, 34, 154, 121, 119, 175, 190, 170, 141, 117], [77, 200, 135, 62, 28, 202, 164, 144, 230, 74, 196, 142, 126, 238, 106, 80, 151], [217, 208, 222, 171, 16, 220, 237, 97, 124], [91, 40, 94, 113, 147, 146, 67, 38, 143, 227, 22, 153, 66, 17, 215, 2, 161, 156, 157, 78, 96, 234, 72], [108, 127, 46, 104, 68, 58, 30, 137, 73, 180, 15, 172, 101, 86, 102, 134, 107, 239, 61, 5, 10, 197, 187, 109, 24, 112, 128, 173, 29, 178, 99, 198], [213, 88, 212, 221, 55, 59, 105, 14, 27, 176, 132, 204, 130, 138, 150, 100, 162, 13, 54, 177, 233], [155, 1, 125, 45, 192, 139, 189, 63], [0, 203, 186, 201, 122, 103, 226, 193, 35, 216, 225, 206, 160, 185, 228, 33]]