Tempo levado:
	2111.127552986145 segundos

Parâmetros:
	r: 0.99
	I: 2500
	pf: 0.05
	pi: 0.95
	seed: 0.753426944588651

Valor da solução inicial encontrada:
	123951.827

Valor da solução final encontrada:
	201644.6450000006

Solução encontrada:
	[[208, 229, 122, 50, 172, 217, 79, 37, 222], [45, 192, 81, 155, 189, 55, 0, 139], [8, 168, 216, 91, 103, 212, 69, 151, 165, 63, 70, 206, 186, 124, 13, 21], [20, 27, 130, 196, 200, 57, 204, 185, 120, 96, 109, 59, 179, 83, 25, 44, 116, 175, 215, 80, 131, 188, 156], [226, 62, 171, 135, 126, 6, 199, 125, 47], [114, 46, 164, 146, 48, 113, 220, 102, 100, 97, 106, 213, 105, 1, 127], [87, 133, 237, 138, 24, 18, 205, 167, 15, 197, 193, 228, 142, 14, 134, 26, 137, 234, 211, 90, 73, 77, 214, 107, 5, 54, 22, 178, 112], [4, 71, 84, 231, 166, 95, 209, 52], [16, 221, 121, 64, 191, 41, 30, 235, 61, 201, 86, 33, 94, 195, 219, 148], [29, 174, 181, 194, 17, 7, 111, 233, 145, 123, 110, 19, 92, 224, 39, 162, 99, 169, 12, 85, 154, 32, 182, 129, 74, 101, 60, 177, 11, 117, 36, 207, 9, 149, 183, 75, 163, 89, 239, 98, 159, 2, 236, 140, 136, 76, 210, 161, 198, 3, 170, 180, 108, 187, 190, 119, 34, 65, 56, 218, 128, 152, 118, 232, 141, 238], [202, 230, 150, 40, 115, 153, 144, 82, 223, 58, 143, 72, 147, 66, 104, 157, 38, 53, 43, 93, 49, 173], [28, 31, 51, 78, 67, 225, 35, 160, 42, 132, 227, 88, 203, 158, 176, 23, 184, 10, 68]]