Tempo levado:
	1604,6656835079193 segundos

Parâmetros:
	r: 0.99
	I: 2500
	pf: 0.05
	pi: 0.95
	seed: 0.3176343902913157

Valor da solução encontrada:
	202354.57899999974

Solução encontrada:
	[[213, 120, 80, 235, 150, 135, 139, 14, 130, 23, 132, 25, 83, 153, 82, 160, 35, 8, 66], [109, 232, 92, 134, 167, 147, 187, 181, 108, 101, 9, 239, 236, 32, 89, 76, 85, 183, 194, 176, 22, 215, 73, 211, 140, 65, 214, 26, 154, 174, 233, 119, 159, 98, 19, 145, 152, 163, 117, 11, 6, 224, 110, 218, 75, 34, 111, 207, 56, 96, 179, 36, 128, 112, 123, 129, 149, 169, 182, 180, 99, 118, 141, 198, 60, 12], [103, 33, 71, 206, 217, 221, 87, 131, 84, 201, 202, 216, 95, 53, 125, 188], [172, 115, 200, 106, 157, 204, 74, 210, 38, 24, 88, 197, 234, 64, 29, 116, 178, 161, 170, 39, 137, 17, 43, 86, 175, 15, 90, 104, 143, 136, 190], [148, 209, 223, 68, 30, 0, 27, 45, 196], [61, 138, 220, 229, 97, 54, 5, 158, 184, 185, 195, 31, 238, 18, 48, 177, 7, 173, 93, 51, 2, 162], [113, 208, 186, 4, 21, 151, 212, 69, 230, 40, 91, 237, 225, 124, 165, 121], [144, 192, 63, 16, 52, 189, 77, 1, 57], [20, 231, 70, 226, 114, 171, 81, 47], [50, 46, 166, 191, 102, 127, 10, 62, 44, 142, 199, 205, 59, 58, 107, 55, 156, 3, 72], [146, 168, 94, 219, 126, 67, 100, 133, 78], [164, 155, 42, 28, 105, 193, 228, 37, 41, 203, 122, 79, 222, 227, 13, 49]]