Tempo levado:
	1402,4884865283966 segundos

Parâmetros:
	r: 0.99
	I: 2500
	pf: 0.05
	pi: 0.9
	seed: 0.42420903639808727

Valor da solução encontrada:
	196919.65200000006

Solução encontrada:
	[[189, 91, 51, 203, 23, 80, 237, 133, 102, 42, 227, 127, 164, 96, 87, 185, 109], [38, 55, 72, 205, 104, 228, 77, 108, 137, 25, 170, 236, 190, 142, 29, 19, 128, 58, 107, 66, 151, 49, 24, 140, 150, 5, 147, 92, 85, 156, 134, 90], [113, 220, 31, 168, 71, 153, 143, 69, 103, 209, 184, 216, 204, 234, 1, 13, 53], [62, 125, 139, 105, 202, 171, 6, 206, 130, 138, 166, 126, 120, 97, 43, 35, 22], [70, 217, 219, 223, 52, 222, 94, 37], [61, 59, 54, 27, 82, 8, 64, 2, 124, 235, 30, 121, 74, 162, 180, 188, 157, 197, 212, 178, 88, 161, 3, 131, 175], [192, 45, 230, 67, 40, 47, 144, 160, 186], [146, 114, 95, 208, 231, 4, 115, 213, 46], [14, 41, 229, 68, 199, 79, 18, 20, 165, 200, 195, 81, 21, 0, 172, 50], [84, 16, 106, 44, 201, 93, 48, 33, 63, 112, 238, 28, 100, 155, 78, 196, 173, 239], [233, 232, 56, 39, 15, 98, 76, 198, 176, 36, 9, 183, 158, 17, 117, 34, 7, 132, 136, 111, 83, 194, 145, 89, 149, 167, 129, 187, 177, 210, 10, 75, 174, 163, 169, 181, 86, 123, 207, 26, 211, 101, 215, 159, 12, 224, 99, 141, 11, 110, 116, 118, 154, 32, 73, 214, 179, 119, 65, 60, 218, 152, 182], [226, 135, 122, 191, 221, 193, 148, 57, 225]]