Tempo levado:
	4455.930635929108 segundos

Parâmetros:
	r: 0.99
	I: 2500
	pf: 0.05
	pi: 1.0
	seed: 0.4642472677182973

Valor da solução inicial encontrada:
	123311.76999999987

Valor da solução final encontrada:
	196594.52899999972

Solução encontrada:
	[[201, 95, 203, 221, 103, 206, 0, 58, 63, 130, 8, 33, 107, 22, 151, 202, 176, 143, 78], [114, 171, 91, 212, 168, 179, 144, 67, 234, 68, 205, 55, 93, 25, 31, 38, 40, 18], [231, 59, 71, 209, 155, 84, 148, 6, 225, 125, 153, 238, 21, 81, 216], [9, 98, 70, 19, 60, 174, 92, 131, 159, 167, 11, 75, 26, 99, 210, 198, 65, 207, 147, 10, 218, 142, 116, 54, 24, 117, 172, 149, 187, 129, 182, 188, 3, 34, 214, 118, 111, 170, 141, 169, 190, 215, 211, 85, 110, 145, 194, 175, 197, 156, 154, 181, 12, 123, 89, 119, 136, 108, 163, 56, 152, 32, 76], [235, 220, 27, 64, 30, 185, 82, 204, 227, 183, 158, 162, 137, 44, 29, 66, 2, 121, 39, 86, 53, 173, 236, 96, 90], [45, 191, 37, 195, 42, 164, 208, 219], [41, 20, 126, 52, 16, 230, 48, 83, 28], [122, 133, 223, 189, 186, 222, 139, 69], [226, 199, 166, 4, 61, 57, 124, 217, 47], [146, 106, 94, 1, 200, 77, 113, 237, 192, 196, 135, 127, 120, 138, 80, 88], [228, 100, 72, 73, 184, 49, 109, 104, 101, 160, 224, 180, 17, 14, 233, 36, 157, 128, 7, 132, 15, 112, 232, 87, 134, 5, 177, 74, 178, 239, 140, 161], [62, 229, 150, 79, 46, 35, 105, 51, 213, 23, 102, 97, 50, 115, 165, 13, 43, 193]]