Tempo levado:
	3694,011897802353 segundos

Parâmetros:
	r: 0.99
	I: 2500
	pf: 0.05
	pi: 1.0
	seed: 0.8652698761357583

Valor da solução encontrada:
	199263.459

Solução encontrada:
	[[133, 16, 40, 230, 229, 228, 222, 172, 74, 67, 70, 186, 64, 115, 144, 235], [97, 221, 191, 196, 30, 217, 14, 225, 38, 71, 202, 27, 204, 200, 33, 81], [226, 47, 199, 206, 55, 87, 31, 209, 48, 41], [192, 164, 223, 69, 63, 91, 189, 0], [122, 127, 212, 205, 208, 114, 107, 58, 213, 88, 86, 203, 7, 29, 15, 102, 100, 126, 3, 143], [4, 84, 231, 155, 148, 46, 171, 130, 21, 166, 95, 50, 153, 234, 82], [72, 78, 113, 220, 28, 103, 79, 146, 51, 42, 165, 1, 219, 61, 184, 68], [62, 20, 94, 195, 59, 168, 105, 139, 80], [160, 17, 57, 2, 49, 215, 10, 109, 121, 188, 175, 96, 210, 13, 131, 185, 158, 106, 22, 238, 90, 101, 227, 174, 24, 218, 73, 138, 178, 19, 180], [45, 52, 216, 37, 135, 77, 201, 125], [6, 150, 53, 44, 8, 179, 151, 104, 93, 120, 39, 25, 132, 157, 173, 83, 54, 142, 193, 112, 124, 211, 156, 177, 197, 176], [92, 145, 136, 43, 89, 137, 187, 117, 9, 140, 169, 60, 134, 5, 76, 129, 23, 232, 32, 110, 36, 108, 233, 26, 194, 237, 183, 12, 181, 141, 236, 85, 170, 152, 35, 98, 118, 214, 239, 162, 116, 123, 182, 147, 163, 198, 75, 190, 56, 66, 34, 128, 167, 11, 99, 224, 207, 161, 111, 65, 149, 159, 119, 154, 18]]