Tempo levado:
	166,4846706390381 segundos

Parâmetros:
	r: 0.9
	I: 2500
	pf: 0.05
	pi: 0.85
	seed: 0.21739542749721907

Valor da solução encontrada:
	166590,2330000002

Solução encontrada:
	[[93, 71, 223, 165, 96, 201, 33, 217, 200, 3, 177, 39, 63, 112, 157, 103, 80, 21, 233, 131], [114, 135, 226, 146, 46, 213, 28, 164, 41], [168, 52, 91, 69, 189, 230, 27, 77, 57], [79, 166, 191, 122, 203, 68, 120, 102, 4], [115, 208, 38, 17, 66, 181, 90, 172, 188, 113, 140, 185, 67, 83, 215, 184, 143, 5, 205, 15, 75, 108, 72, 211, 36, 161, 86, 239, 12, 190], [50, 54, 44, 105, 221, 10, 51, 179, 95, 119, 107, 116, 207, 193, 98, 85, 24, 73, 176, 101, 149, 43, 187, 32, 197, 236, 175, 174, 134, 60, 56, 224, 109, 26, 170, 129, 49, 182, 163, 145, 110, 34], [53, 84, 162, 227, 59, 74, 124, 121, 147, 132, 0, 204, 25, 13, 199, 137, 40, 104, 88, 128, 2, 173], [1, 45, 231, 148, 192, 225, 216, 139, 94, 209, 153, 31, 212, 220], [30, 47, 186, 206, 14, 222, 151, 160, 23, 237, 127, 167, 55, 8, 144, 133, 142, 138], [87, 229, 81, 70, 48, 150, 61, 58, 97, 106, 16, 126, 202, 234, 228, 29, 19, 82], [62, 219, 37, 171, 42, 6, 155, 78], [20, 125, 195, 180, 64, 198, 9, 196, 92, 183, 238, 35, 76, 22, 130, 210, 232, 158, 194, 18, 235, 7, 159, 11, 89, 100, 178, 169, 218, 136, 214, 118, 156, 154, 117, 141, 65, 123, 99, 111, 152]]