Tempo levado:
	280.9950556755066 segundos

Parâmetros:
	r: 0.9
	I: 2500
	pf: 0.05
	pi: 0.85
	seed: 0.6748300770619368

Valor da solução inicial encontrada:
	125939.12400000003

Valor da solução final encontrada:
	175194.31699999992

Solução encontrada:
	[[124, 235, 59, 106, 148, 27, 54, 61, 125, 150, 222, 41, 180, 160, 142, 17, 29, 39, 137, 239], [69, 53, 206, 212, 50, 166, 185, 138, 189, 58, 115, 108, 109, 215, 229, 234, 175, 13, 96, 197, 162, 140], [84, 195, 200, 68, 52, 213, 37, 71, 223], [1, 216, 192, 95, 139, 201, 16, 209], [144, 196, 167, 72, 97, 157, 132, 179, 198, 190, 193, 83, 149, 211, 34, 136, 182, 12, 176, 218, 199, 116, 26, 141, 210, 159, 207, 56, 174, 65, 169, 112, 152, 194, 11, 118, 76, 214, 99, 9, 73, 32, 154, 178, 224, 66, 89, 117, 110, 119, 60, 187, 170, 98], [205, 146, 122, 103, 165, 177, 0, 88, 186, 44, 74, 100, 70, 93, 21, 126, 86, 5], [10, 131, 129, 133, 40, 121, 151, 36, 90, 188, 158, 38, 31, 78, 233, 163, 123, 183, 22, 145, 232, 147, 111, 7, 238, 143, 92, 63, 104, 134, 156, 184, 19, 161], [107, 135, 14, 48, 25, 55, 227, 49, 181, 77, 202, 18, 172, 228, 75, 3, 236, 82, 15, 24, 43, 128, 28, 101, 85], [231, 191, 81, 217, 237, 47, 94, 155, 23], [219, 221, 153, 42, 51, 57, 20, 67, 35, 225, 130, 64, 230, 2, 33, 91, 173], [114, 102, 164, 127, 220, 6, 203, 79, 46, 120, 87, 4, 113, 80, 105], [171, 208, 204, 8, 62, 226, 30, 168, 45]]