Tempo levado:
	390.5402503013611 segundos

Parâmetros:
	r: 0.95
	I: 2500
	pf: 0.05
	pi: 0.85
	seed: 0.5318662059335824

Valor da solução inicial encontrada:
	123717.90600000016

Valor da solução final encontrada:
	184569.3470000003

Solução encontrada:
	[[216, 63, 16, 70, 192, 45, 155, 164], [213, 95, 199, 139, 231, 135, 226, 114], [62, 126, 122, 237, 222, 6, 124, 106, 217, 97, 105, 0, 47, 150, 228], [189, 196, 69, 30, 28, 201, 144, 74, 203, 225, 27, 172, 104, 61, 185, 200, 195], [166, 223, 4, 2, 191, 64, 120, 38, 133, 115, 53, 121, 20, 50, 227, 93, 23], [168, 221, 212, 59, 54, 67, 103, 33, 171, 87, 127, 131, 8, 86, 29, 96, 167, 143, 22, 107, 188], [91, 94, 21, 68, 84, 146, 52, 186, 46], [1, 239, 162, 98, 3, 134, 19, 57, 123, 100, 149, 76, 151, 224, 152, 137, 232, 9, 198, 36, 24, 211, 176, 154, 119, 111, 153, 140, 174, 207, 17, 99, 11, 117, 169, 163, 5, 181, 145, 170, 34, 66, 141, 159, 182, 173, 65, 75, 129, 236, 26, 116, 32, 118, 218, 175, 187, 190], [204, 39, 73, 183, 89, 136, 101, 132, 81, 148, 180, 15, 92, 25, 130, 238, 108, 138, 215, 12, 14, 60, 233, 85, 157, 194, 58, 112, 161, 128, 102, 178, 156, 43, 56, 110], [113, 208, 160, 77, 220, 80, 219, 230, 71], [55, 72, 10, 210, 165, 205, 37, 177, 13, 18, 184, 158, 179, 7, 234, 214, 31, 142, 44, 90, 82, 88, 79, 197], [42, 209, 206, 49, 147, 40, 229, 35, 125, 41, 193, 78, 202, 83, 235, 109, 48, 51]]