Tempo levado:
	362,5053355693817 segundos

Parâmetros:
	r: 0.95
	I: 2500
	pf: 0.05
	pi: 0.85
	seed: 0.4532065178126202

Valor da solução encontrada:
	181222,1260000001

Solução encontrada:
	[[20, 195, 97, 64, 230, 62, 166, 63, 150, 191], [124, 237, 215, 171, 102, 179, 10, 132, 234, 144, 18, 55, 59, 131, 49, 176, 151, 108, 177, 7, 93, 156, 233, 5], [125, 236, 6, 227, 23, 26, 66, 170, 99, 137, 159, 194, 29, 15, 74, 172, 39, 128, 197, 54, 175, 4, 141, 90, 89, 147, 130, 116, 218, 193, 190, 11, 169, 111, 22, 187, 73, 85, 123, 110, 211, 161], [84, 119, 86, 96, 205, 174, 210, 27, 129, 214, 136, 36, 142, 182, 134, 180, 207, 12, 145, 65, 152, 92, 34, 24, 118, 32, 121, 181, 75, 41, 198, 56, 162, 117, 101, 167, 158, 224, 232, 183, 76, 173, 138, 163, 178, 9, 60, 149, 154, 98, 19], [42, 164, 219, 208, 213, 220, 37, 1], [81, 186, 79, 30, 209, 155, 223, 47, 204, 21, 228, 14, 115, 217, 100], [114, 113, 103, 2, 72, 91, 196, 57, 157, 17, 94, 68, 185, 140, 106, 61, 8, 165, 83], [70, 52, 48, 45, 46, 168, 146, 222], [135, 221, 192, 77, 202, 127, 25, 107, 87, 143, 201, 153, 238, 212, 189, 148, 31, 239], [80, 88, 105, 78, 51, 160, 16, 120, 28, 104, 43, 200, 188, 109, 38, 67, 184, 33, 112, 13], [226, 3, 203, 199, 235, 216, 206, 139, 69], [133, 71, 40, 50, 122, 229, 82, 231, 44, 126, 0, 95, 35, 53, 58, 225]]