Tempo levado:
	1359,049949169159 segundos

Parâmetros:
	r: 0.99
	I: 2500
	pf: 0.05
	pi: 0.85
	seed: 0.24195930512752883

Valor da solução encontrada:
	197622,43699999974

Solução encontrada:
	[[226, 216, 191, 139, 52, 16, 217, 1], [93, 68, 120, 50, 223, 47, 196, 127, 97, 71, 220, 113, 87, 43, 234, 30], [42, 195, 95, 37, 219, 84, 222, 229], [150, 213, 100, 146, 27, 148, 78, 55, 79, 231, 2, 227, 23, 153, 177, 17, 3, 75, 193, 82], [237, 202, 201, 151, 173, 122, 109, 205, 147, 80, 137, 142, 238, 44, 188, 8, 24, 7, 92, 38, 165, 90, 96, 26, 39], [138, 228, 132, 54, 4, 157, 72, 156, 58, 18, 66, 61, 105, 107, 65, 25, 108, 233, 5, 10, 184, 143, 158, 49, 15, 175, 140, 134, 176, 128], [206, 168, 67, 94, 28, 103, 203, 20, 212, 88, 124, 31, 200, 33, 235, 74, 53], [171, 126, 40, 144, 135, 63, 6, 199, 77, 225, 185, 13, 62, 130, 179, 21], [164, 0, 172, 121, 117, 76, 11, 187, 136, 56, 101, 60, 9, 98, 218, 123, 34, 152, 174, 116, 110, 190, 178, 22, 19, 163, 86, 197, 159, 210, 131, 207, 169, 214, 162, 36, 183, 12, 239, 194, 154, 232, 89, 129, 112, 149, 181, 211, 99, 141, 182, 145, 119, 224, 32, 198, 111, 170, 85, 215, 236, 118, 161, 180], [14, 102, 64, 91, 70, 48, 41, 133, 83, 81], [230, 35, 51, 160, 208, 46, 114, 115, 59, 204, 209, 106, 29, 221, 186, 73, 167, 104], [155, 189, 166, 69, 192, 125, 45, 57]]